# Wall shear stress
# Time        	patch         	min           	max           
0.000000e+00	propellerTip	(0.000000e+00 0.000000e+00 0.000000e+00)	(0.000000e+00 0.000000e+00 0.000000e+00)
4.955550e-05	propellerTip	(-1.373177e+01 -2.229220e+01 -3.139372e+01)	(6.464314e+00 2.015159e+01 3.076460e+01)
9.659492e-05	propellerTip	(-1.368476e+01 -2.206308e+01 -1.992284e+01)	(6.206560e+00 1.458396e+01 2.090130e+01)
1.485587e-04	propellerTip	(-1.209610e+01 -2.147053e+01 -1.768471e+01)	(5.266769e+00 9.006678e+00 1.660821e+01)
2.047337e-04	propellerTip	(-1.067641e+01 -2.051656e+01 -1.559896e+01)	(4.106371e+00 6.061865e+00 1.532390e+01)
2.632915e-04	propellerTip	(-9.400261e+00 -1.956411e+01 -1.372765e+01)	(3.672535e+00 5.803760e+00 1.521097e+01)
3.238257e-04	propellerTip	(-8.308597e+00 -1.872214e+01 -1.206736e+01)	(3.750794e+00 5.753221e+00 1.504652e+01)
3.863330e-04	propellerTip	(-7.414490e+00 -1.799745e+01 -1.068983e+01)	(3.807734e+00 5.865188e+00 1.519258e+01)
4.506922e-04	propellerTip	(-6.667254e+00 -1.720901e+01 -1.093326e+01)	(4.061715e+00 6.091434e+00 1.541224e+01)
5.164927e-04	propellerTip	(-6.107362e+00 -1.642247e+01 -1.133826e+01)	(4.495882e+00 6.404620e+00 1.537195e+01)
5.822795e-04	propellerTip	(-5.675396e+00 -1.569009e+01 -1.186340e+01)	(4.993034e+00 6.803336e+00 1.530378e+01)
6.468265e-04	propellerTip	(-5.513043e+00 -1.506569e+01 -1.247053e+01)	(5.508119e+00 7.276397e+00 1.522780e+01)
7.100446e-04	propellerTip	(-6.026934e+00 -1.455676e+01 -1.310844e+01)	(6.020472e+00 7.775244e+00 1.514380e+01)
7.721023e-04	propellerTip	(-6.524092e+00 -1.414133e+01 -1.373986e+01)	(6.515049e+00 8.289988e+00 1.505134e+01)
8.331092e-04	propellerTip	(-6.992013e+00 -1.379270e+01 -1.435148e+01)	(6.979782e+00 8.817899e+00 1.494867e+01)
8.932729e-04	propellerTip	(-7.427626e+00 -1.348545e+01 -1.493270e+01)	(7.411797e+00 9.356458e+00 1.496143e+01)
9.528726e-04	propellerTip	(-7.837974e+00 -1.321366e+01 -1.548262e+01)	(7.818037e+00 9.898993e+00 1.550748e+01)
1.011954e-03	propellerTip	(-8.218496e+00 -1.295936e+01 -1.599932e+01)	(8.193584e+00 1.043964e+01 1.601932e+01)
1.070263e-03	propellerTip	(-8.574713e+00 -1.271582e+01 -1.650087e+01)	(8.546636e+00 1.097011e+01 1.652621e+01)
1.127328e-03	propellerTip	(-8.915824e+00 -1.248165e+01 -1.700860e+01)	(8.886247e+00 1.149475e+01 1.703330e+01)
1.183920e-03	propellerTip	(-9.246650e+00 -1.225691e+01 -1.750741e+01)	(9.215134e+00 1.202105e+01 1.753128e+01)
1.239987e-03	propellerTip	(-9.571676e+00 -1.204084e+01 -1.800681e+01)	(9.538881e+00 1.255378e+01 1.803004e+01)
1.295712e-03	propellerTip	(-9.890241e+00 -1.183387e+01 -1.849563e+01)	(9.857202e+00 1.308155e+01 1.851830e+01)
1.351442e-03	propellerTip	(-1.020461e+01 -1.163597e+01 -1.896571e+01)	(1.017173e+01 1.359917e+01 1.898720e+01)
1.407543e-03	propellerTip	(-1.052225e+01 -1.144717e+01 -1.942198e+01)	(1.048963e+01 1.410944e+01 1.944130e+01)
1.464192e-03	propellerTip	(-1.085197e+01 -1.126842e+01 -1.988284e+01)	(1.082020e+01 1.462847e+01 1.990047e+01)
1.521196e-03	propellerTip	(-1.118219e+01 -1.109957e+01 -2.033228e+01)	(1.115220e+01 1.514216e+01 2.034914e+01)
1.578459e-03	propellerTip	(-1.150648e+01 -1.094280e+01 -2.075544e+01)	(1.147898e+01 1.563540e+01 2.077286e+01)
1.636403e-03	propellerTip	(-1.182697e+01 -1.079927e+01 -2.115366e+01)	(1.180293e+01 1.609583e+01 2.117472e+01)
1.695620e-03	propellerTip	(-1.214922e+01 -1.066319e+01 -2.154408e+01)	(1.212864e+01 1.655436e+01 2.156709e+01)
1.754676e-03	propellerTip	(-1.246890e+01 -1.053803e+01 -2.192509e+01)	(1.245110e+01 1.700094e+01 2.194882e+01)
1.814012e-03	propellerTip	(-1.278641e+01 -1.042458e+01 -2.228744e+01)	(1.276993e+01 1.743654e+01 2.231199e+01)
1.873800e-03	propellerTip	(-1.311826e+01 -1.031259e+01 -2.262588e+01)	(1.310188e+01 1.786982e+01 2.265108e+01)
1.934113e-03	propellerTip	(-1.346253e+01 -1.023473e+01 -2.295496e+01)	(1.344658e+01 1.831757e+01 2.297760e+01)
1.994842e-03	propellerTip	(-1.381317e+01 -1.017882e+01 -2.327399e+01)	(1.379901e+01 1.875167e+01 2.329363e+01)
2.055920e-03	propellerTip	(-1.416946e+01 -1.012880e+01 -2.356855e+01)	(1.415551e+01 1.918770e+01 2.358234e+01)
2.117348e-03	propellerTip	(-1.453240e+01 -1.008469e+01 -2.383515e+01)	(1.452585e+01 1.960467e+01 2.384362e+01)
2.179107e-03	propellerTip	(-1.491531e+01 -1.005246e+01 -2.407647e+01)	(1.492118e+01 2.001301e+01 2.408131e+01)
2.241198e-03	propellerTip	(-1.535398e+01 -1.003832e+01 -2.430286e+01)	(1.537056e+01 2.042187e+01 2.430567e+01)
2.303594e-03	propellerTip	(-1.587309e+01 -1.004902e+01 -2.451840e+01)	(1.590102e+01 2.081267e+01 2.452035e+01)
2.366167e-03	propellerTip	(-1.643190e+01 -1.008747e+01 -2.471204e+01)	(1.646720e+01 2.118034e+01 2.471302e+01)
2.428771e-03	propellerTip	(-1.702342e+01 -1.015251e+01 -2.487688e+01)	(1.706284e+01 2.151147e+01 2.487427e+01)
2.491275e-03	propellerTip	(-1.764034e+01 -1.024389e+01 -2.500830e+01)	(1.767821e+01 2.179765e+01 2.499901e+01)
2.553470e-03	propellerTip	(-1.827758e+01 -1.036555e+01 -2.510957e+01)	(1.830677e+01 2.203108e+01 2.509111e+01)
2.615180e-03	propellerTip	(-1.891345e+01 -1.051826e+01 -2.510629e+01)	(1.893397e+01 2.220904e+01 2.506645e+01)
2.676439e-03	propellerTip	(-1.952937e+01 -1.069777e+01 -2.497111e+01)	(1.954389e+01 2.232871e+01 2.491844e+01)
2.737437e-03	propellerTip	(-2.013827e+01 -1.089673e+01 -2.483028e+01)	(2.014461e+01 2.240106e+01 2.477516e+01)
2.798329e-03	propellerTip	(-2.073910e+01 -1.111731e+01 -2.472832e+01)	(2.073763e+01 2.242339e+01 2.466111e+01)
2.859495e-03	propellerTip	(-2.132013e+01 -1.135980e+01 -2.457397e+01)	(2.131698e+01 2.238788e+01 2.449053e+01)
2.920641e-03	propellerTip	(-2.190011e+01 -1.161845e+01 -2.435503e+01)	(2.189836e+01 2.231180e+01 2.425358e+01)
2.981716e-03	propellerTip	(-2.247847e+01 -1.189173e+01 -2.407205e+01)	(2.248450e+01 2.220900e+01 2.395344e+01)
3.042895e-03	propellerTip	(-2.288474e+01 -1.218189e+01 -2.368185e+01)	(2.295566e+01 2.213768e+01 2.355937e+01)
3.104352e-03	propellerTip	(-2.323579e+01 -1.247624e+01 -2.315479e+01)	(2.327980e+01 2.212187e+01 2.302060e+01)
3.165477e-03	propellerTip	(-2.369926e+01 -1.277605e+01 -2.251796e+01)	(2.372977e+01 2.220886e+01 2.236798e+01)
3.225807e-03	propellerTip	(-2.420020e+01 -1.309954e+01 -2.177292e+01)	(2.422798e+01 2.239006e+01 2.160911e+01)
3.285720e-03	propellerTip	(-2.476123e+01 -1.345126e+01 -2.085084e+01)	(2.477872e+01 2.264101e+01 2.067354e+01)
3.345207e-03	propellerTip	(-2.543045e+01 -1.382942e+01 -1.975997e+01)	(2.544494e+01 2.295232e+01 1.957033e+01)
3.404262e-03	propellerTip	(-2.627191e+01 -1.422816e+01 -1.853701e+01)	(2.628043e+01 2.337544e+01 1.834224e+01)
3.463070e-03	propellerTip	(-2.731922e+01 -1.463232e+01 -1.719048e+01)	(2.732274e+01 2.381070e+01 1.698865e+01)
3.521687e-03	propellerTip	(-2.859188e+01 -1.504412e+01 -1.568760e+01)	(2.859623e+01 2.424741e+01 1.547943e+01)
3.579780e-03	propellerTip	(-3.010715e+01 -1.546373e+01 -1.411474e+01)	(3.010247e+01 2.467960e+01 1.424399e+01)
3.637108e-03	propellerTip	(-3.183059e+01 -1.591539e+01 -1.262470e+01)	(3.180371e+01 2.512519e+01 1.407228e+01)
3.693517e-03	propellerTip	(-3.365912e+01 -1.635254e+01 -1.122327e+01)	(3.360915e+01 2.545644e+01 1.387997e+01)
3.749339e-03	propellerTip	(-3.560604e+01 -1.681629e+01 -9.964737e+00)	(3.553461e+01 2.565969e+01 1.366501e+01)
3.805250e-03	propellerTip	(-3.767846e+01 -1.731180e+01 -9.026683e+00)	(3.759088e+01 2.576626e+01 1.344726e+01)
3.861548e-03	propellerTip	(-3.978354e+01 -1.782855e+01 -8.954948e+00)	(3.966763e+01 2.569048e+01 1.324225e+01)
3.918631e-03	propellerTip	(-4.154901e+01 -1.834916e+01 -8.967786e+00)	(4.135452e+01 2.546607e+01 1.307222e+01)
3.976715e-03	propellerTip	(-4.291640e+01 -1.885735e+01 -9.064696e+00)	(4.268721e+01 2.497733e+01 1.271553e+01)
4.035886e-03	propellerTip	(-4.453139e+01 -1.933572e+01 -1.029348e+01)	(4.428831e+01 2.445977e+01 1.235170e+01)
4.096416e-03	propellerTip	(-4.588272e+01 -1.977237e+01 -1.234231e+01)	(4.559487e+01 2.420012e+01 1.220267e+01)
4.158442e-03	propellerTip	(-4.644101e+01 -2.015009e+01 -1.499271e+01)	(4.611605e+01 2.370380e+01 1.483563e+01)
4.221212e-03	propellerTip	(-4.659195e+01 -2.045553e+01 -1.794700e+01)	(4.624623e+01 2.310186e+01 1.777194e+01)
4.284927e-03	propellerTip	(-4.634830e+01 -2.068332e+01 -2.101229e+01)	(4.600032e+01 2.261656e+01 2.082226e+01)
4.350573e-03	propellerTip	(-4.551457e+01 -2.081578e+01 -2.408517e+01)	(4.518056e+01 2.215232e+01 2.388031e+01)
4.418178e-03	propellerTip	(-4.430538e+01 -2.081515e+01 -2.700323e+01)	(4.399289e+01 2.175520e+01 2.678713e+01)
4.486837e-03	propellerTip	(-4.284505e+01 -2.067029e+01 -2.951601e+01)	(4.256440e+01 2.144439e+01 2.929643e+01)
4.556193e-03	propellerTip	(-4.131790e+01 -2.037986e+01 -3.150743e+01)	(4.107253e+01 2.127418e+01 3.129581e+01)
4.626003e-03	propellerTip	(-3.980319e+01 -1.999964e+01 -3.312942e+01)	(3.959090e+01 2.127404e+01 3.292885e+01)
4.696104e-03	propellerTip	(-3.821281e+01 -1.950121e+01 -3.430106e+01)	(3.804496e+01 2.132304e+01 3.411480e+01)
4.766287e-03	propellerTip	(-3.664182e+01 -1.892367e+01 -3.499025e+01)	(3.651609e+01 2.142936e+01 3.482612e+01)
4.836518e-03	propellerTip	(-3.513825e+01 -1.831915e+01 -3.524827e+01)	(3.502823e+01 2.170372e+01 3.509811e+01)
4.906854e-03	propellerTip	(-3.398582e+01 -1.774103e+01 -3.528837e+01)	(3.389191e+01 2.211520e+01 3.513418e+01)
4.977333e-03	propellerTip	(-3.302154e+01 -1.721450e+01 -3.500895e+01)	(3.298722e+01 2.266843e+01 3.486796e+01)
5.048038e-03	propellerTip	(-3.215783e+01 -1.675348e+01 -3.439790e+01)	(3.216496e+01 2.327257e+01 3.429755e+01)
5.118527e-03	propellerTip	(-3.170550e+01 -1.638640e+01 -3.364083e+01)	(3.173886e+01 2.407007e+01 3.355955e+01)
5.188616e-03	propellerTip	(-3.150989e+01 -1.606926e+01 -3.280477e+01)	(3.155634e+01 2.493546e+01 3.273489e+01)
5.258427e-03	propellerTip	(-3.155694e+01 -1.579324e+01 -3.185269e+01)	(3.162928e+01 2.575942e+01 3.179506e+01)
5.328052e-03	propellerTip	(-3.176351e+01 -1.558393e+01 -3.083887e+01)	(3.186797e+01 2.649326e+01 3.079723e+01)
5.397602e-03	propellerTip	(-3.213205e+01 -1.543578e+01 -2.983838e+01)	(3.223401e+01 2.711780e+01 2.981239e+01)
5.467165e-03	propellerTip	(-3.262546e+01 -1.534203e+01 -2.892862e+01)	(3.272394e+01 2.767382e+01 2.891381e+01)
5.536811e-03	propellerTip	(-3.314369e+01 -1.528796e+01 -2.814789e+01)	(3.322582e+01 2.816414e+01 2.814200e+01)
5.606636e-03	propellerTip	(-3.362013e+01 -1.526523e+01 -2.751521e+01)	(3.370498e+01 2.858405e+01 2.751968e+01)
5.676754e-03	propellerTip	(-3.410154e+01 -1.527102e+01 -2.704326e+01)	(3.426470e+01 2.897596e+01 2.707191e+01)
5.747315e-03	propellerTip	(-3.466777e+01 -1.529591e+01 -2.677045e+01)	(3.480760e+01 2.937905e+01 2.682288e+01)
5.818491e-03	propellerTip	(-3.522680e+01 -1.531827e+01 -2.673405e+01)	(3.536316e+01 2.974929e+01 2.680149e+01)
5.890427e-03	propellerTip	(-3.588713e+01 -1.534000e+01 -2.687820e+01)	(3.601583e+01 3.010892e+01 2.695681e+01)
5.962414e-03	propellerTip	(-3.657924e+01 -1.535856e+01 -2.717556e+01)	(3.668286e+01 3.046166e+01 2.726220e+01)
6.033905e-03	propellerTip	(-3.721516e+01 -1.536374e+01 -2.760419e+01)	(3.728305e+01 3.081883e+01 2.769639e+01)
6.104930e-03	propellerTip	(-3.777095e+01 -1.532197e+01 -2.814028e+01)	(3.780784e+01 3.118110e+01 2.823238e+01)
6.175514e-03	propellerTip	(-3.825046e+01 -1.526820e+01 -2.875023e+01)	(3.825945e+01 3.153216e+01 2.884297e+01)
6.245653e-03	propellerTip	(-3.871420e+01 -1.518525e+01 -2.948375e+01)	(3.870127e+01 3.190562e+01 2.958587e+01)
6.315458e-03	propellerTip	(-3.916667e+01 -1.504325e+01 -3.032733e+01)	(3.913770e+01 3.228897e+01 3.044262e+01)
6.384906e-03	propellerTip	(-3.954120e+01 -1.489034e+01 -3.122261e+01)	(3.949163e+01 3.263962e+01 3.134879e+01)
6.454007e-03	propellerTip	(-3.982248e+01 -1.472746e+01 -3.216882e+01)	(3.975161e+01 3.296807e+01 3.229758e+01)
6.522916e-03	propellerTip	(-4.000232e+01 -1.455548e+01 -3.318538e+01)	(3.991329e+01 3.328590e+01 3.331340e+01)
6.591789e-03	propellerTip	(-4.005976e+01 -1.437101e+01 -3.423201e+01)	(3.996006e+01 3.357402e+01 3.435768e+01)
6.660704e-03	propellerTip	(-4.005634e+01 -1.418007e+01 -3.530335e+01)	(3.995273e+01 3.390730e+01 3.542347e+01)
6.729764e-03	propellerTip	(-3.988225e+01 -1.397738e+01 -3.628756e+01)	(3.977756e+01 3.419776e+01 3.639658e+01)
6.799036e-03	propellerTip	(-3.959698e+01 -1.377166e+01 -3.721317e+01)	(3.949378e+01 3.448770e+01 3.731006e+01)
6.868530e-03	propellerTip	(-3.921220e+01 -1.356297e+01 -3.806481e+01)	(3.911560e+01 3.478310e+01 3.815092e+01)
6.938234e-03	propellerTip	(-3.873477e+01 -1.335028e+01 -3.883137e+01)	(3.864876e+01 3.509259e+01 3.890689e+01)
7.008136e-03	propellerTip	(-3.817848e+01 -1.312839e+01 -3.949669e+01)	(3.810535e+01 3.541531e+01 3.956007e+01)
7.078235e-03	propellerTip	(-3.754385e+01 -1.292350e+01 -4.005220e+01)	(3.748453e+01 3.572763e+01 4.010280e+01)
7.148498e-03	propellerTip	(-3.683033e+01 -1.271952e+01 -4.048751e+01)	(3.679259e+01 3.598258e+01 4.052052e+01)
7.218958e-03	propellerTip	(-3.607943e+01 -1.250200e+01 -4.078944e+01)	(3.606493e+01 3.617375e+01 4.080509e+01)
7.289606e-03	propellerTip	(-3.529334e+01 -1.227508e+01 -4.096766e+01)	(3.529947e+01 3.630205e+01 4.096647e+01)
7.360436e-03	propellerTip	(-3.448709e+01 -1.203341e+01 -4.102699e+01)	(3.451241e+01 3.633988e+01 4.101220e+01)
7.431446e-03	propellerTip	(-3.367934e+01 -1.179474e+01 -4.097318e+01)	(3.371988e+01 3.623311e+01 4.094315e+01)
7.502634e-03	propellerTip	(-3.289665e+01 -1.154021e+01 -4.082564e+01)	(3.295157e+01 3.602659e+01 4.078289e+01)
7.573993e-03	propellerTip	(-3.215051e+01 -1.127602e+01 -4.058671e+01)	(3.222062e+01 3.574229e+01 4.053699e+01)
7.645501e-03	propellerTip	(-3.145787e+01 -1.101333e+01 -4.026912e+01)	(3.154331e+01 3.539774e+01 4.021732e+01)
7.717095e-03	propellerTip	(-3.083685e+01 -1.076958e+01 -3.989181e+01)	(3.093589e+01 3.501349e+01 3.984280e+01)
7.788683e-03	propellerTip	(-3.029630e+01 -1.055385e+01 -3.947152e+01)	(3.040925e+01 3.459911e+01 3.943080e+01)
7.860189e-03	propellerTip	(-2.984249e+01 -1.037742e+01 -3.902887e+01)	(2.996620e+01 3.416599e+01 3.899681e+01)
7.931594e-03	propellerTip	(-2.948132e+01 -1.024098e+01 -3.858808e+01)	(2.961014e+01 3.370726e+01 3.856183e+01)
8.002941e-03	propellerTip	(-2.920892e+01 -1.016709e+01 -3.816149e+01)	(2.933957e+01 3.323852e+01 3.814431e+01)
8.074309e-03	propellerTip	(-2.901853e+01 -1.014208e+01 -3.775778e+01)	(2.914719e+01 3.279592e+01 3.775522e+01)
8.145808e-03	propellerTip	(-2.890476e+01 -1.014434e+01 -3.739720e+01)	(2.902742e+01 3.236498e+01 3.741259e+01)
8.217492e-03	propellerTip	(-2.884835e+01 -1.014973e+01 -3.710067e+01)	(2.895963e+01 3.195926e+01 3.713538e+01)
8.289338e-03	propellerTip	(-2.882118e+01 -1.013018e+01 -3.688439e+01)	(2.891583e+01 3.158836e+01 3.693704e+01)
8.361305e-03	propellerTip	(-2.880151e+01 -1.010946e+01 -3.674643e+01)	(2.887533e+01 3.124441e+01 3.681084e+01)
8.433373e-03	propellerTip	(-2.877839e+01 -1.010162e+01 -3.667564e+01)	(2.883230e+01 3.093341e+01 3.674618e+01)
8.505532e-03	propellerTip	(-2.873886e+01 -1.013060e+01 -3.666485e+01)	(2.877364e+01 3.066348e+01 3.673444e+01)
8.577765e-03	propellerTip	(-2.867233e+01 -1.017585e+01 -3.669055e+01)	(2.869402e+01 3.044725e+01 3.675714e+01)
8.650052e-03	propellerTip	(-2.856656e+01 -1.023893e+01 -3.675446e+01)	(2.857343e+01 3.028490e+01 3.681052e+01)
8.722368e-03	propellerTip	(-2.840248e+01 -1.033184e+01 -3.681890e+01)	(2.839803e+01 3.015089e+01 3.685661e+01)
8.794672e-03	propellerTip	(-2.818880e+01 -1.043828e+01 -3.686134e+01)	(2.818092e+01 3.001292e+01 3.687436e+01)
8.866923e-03	propellerTip	(-2.793379e+01 -1.056547e+01 -3.687149e+01)	(2.792653e+01 2.986986e+01 3.685724e+01)
8.939107e-03	propellerTip	(-2.764255e+01 -1.070271e+01 -3.683368e+01)	(2.764070e+01 2.971498e+01 3.679185e+01)
9.011242e-03	propellerTip	(-2.731987e+01 -1.084969e+01 -3.674070e+01)	(2.732837e+01 2.952699e+01 3.666971e+01)
9.083389e-03	propellerTip	(-2.697750e+01 -1.099805e+01 -3.660188e+01)	(2.699903e+01 2.930795e+01 3.650213e+01)
9.155614e-03	propellerTip	(-2.663011e+01 -1.115361e+01 -3.641717e+01)	(2.666405e+01 2.907263e+01 3.629224e+01)
9.227979e-03	propellerTip	(-2.628563e+01 -1.128908e+01 -3.618798e+01)	(2.633278e+01 2.882411e+01 3.604187e+01)
9.300495e-03	propellerTip	(-2.595405e+01 -1.139694e+01 -3.591856e+01)	(2.601521e+01 2.856386e+01 3.575490e+01)
9.373146e-03	propellerTip	(-2.564194e+01 -1.148869e+01 -3.561892e+01)	(2.572052e+01 2.829003e+01 3.544040e+01)
9.445922e-03	propellerTip	(-2.535372e+01 -1.156799e+01 -3.530131e+01)	(2.545202e+01 2.799835e+01 3.511197e+01)
9.518814e-03	propellerTip	(-2.509047e+01 -1.162396e+01 -3.498048e+01)	(2.520912e+01 2.769092e+01 3.478743e+01)
9.591798e-03	propellerTip	(-2.484951e+01 -1.165615e+01 -3.467033e+01)	(2.498843e+01 2.737072e+01 3.448152e+01)
9.664732e-03	propellerTip	(-2.462711e+01 -1.165211e+01 -3.438681e+01)	(2.478546e+01 2.703960e+01 3.420730e+01)
9.737627e-03	propellerTip	(-2.441914e+01 -1.161178e+01 -3.414190e+01)	(2.459462e+01 2.670567e+01 3.397659e+01)
9.810520e-03	propellerTip	(-2.421799e+01 -1.153617e+01 -3.394463e+01)	(2.440629e+01 2.637400e+01 3.379767e+01)
9.883437e-03	propellerTip	(-2.401354e+01 -1.142786e+01 -3.380025e+01)	(2.420961e+01 2.604704e+01 3.367441e+01)
9.956401e-03	propellerTip	(-2.379564e+01 -1.127678e+01 -3.370703e+01)	(2.399335e+01 2.572577e+01 3.360451e+01)
1.002941e-02	propellerTip	(-2.355628e+01 -1.110332e+01 -3.366070e+01)	(2.374817e+01 2.540981e+01 3.358163e+01)
1.010246e-02	propellerTip	(-2.328869e+01 -1.091329e+01 -3.365414e+01)	(2.346750e+01 2.509826e+01 3.359818e+01)
1.017552e-02	propellerTip	(-2.298775e+01 -1.073252e+01 -3.367770e+01)	(2.314668e+01 2.479024e+01 3.364355e+01)
1.024857e-02	propellerTip	(-2.265127e+01 -1.056350e+01 -3.372101e+01)	(2.278411e+01 2.448161e+01 3.370480e+01)
1.032159e-02	propellerTip	(-2.227985e+01 -1.045361e+01 -3.377275e+01)	(2.238125e+01 2.416807e+01 3.377037e+01)
1.039457e-02	propellerTip	(-2.187353e+01 -1.036578e+01 -3.382388e+01)	(2.193918e+01 2.384961e+01 3.383129e+01)
1.046749e-02	propellerTip	(-2.143898e+01 -1.029760e+01 -3.386491e+01)	(2.146568e+01 2.352425e+01 3.387742e+01)
1.054035e-02	propellerTip	(-2.098366e+01 -1.023306e+01 -3.389099e+01)	(2.096908e+01 2.319805e+01 3.390534e+01)
1.061315e-02	propellerTip	(-2.051369e+01 -1.019366e+01 -3.389854e+01)	(2.045736e+01 2.289652e+01 3.391024e+01)
1.068589e-02	propellerTip	(-2.003695e+01 -1.016163e+01 -3.388710e+01)	(1.993857e+01 2.260965e+01 3.389019e+01)
1.075860e-02	propellerTip	(-1.955880e+01 -1.011273e+01 -3.385602e+01)	(1.941867e+01 2.232569e+01 3.384666e+01)
1.083130e-02	propellerTip	(-1.908373e+01 -1.006734e+01 -3.380698e+01)	(1.890409e+01 2.204553e+01 3.378168e+01)
1.090400e-02	propellerTip	(-1.861716e+01 -1.002688e+01 -3.374463e+01)	(1.840193e+01 2.177572e+01 3.369970e+01)
1.097673e-02	propellerTip	(-1.816682e+01 -9.993245e+00 -3.367044e+01)	(1.792079e+01 2.151962e+01 3.360431e+01)
1.104952e-02	propellerTip	(-1.773691e+01 -9.965880e+00 -3.358884e+01)	(1.746333e+01 2.127997e+01 3.350123e+01)
1.112238e-02	propellerTip	(-1.732964e+01 -9.939179e+00 -3.350525e+01)	(1.703130e+01 2.106032e+01 3.339533e+01)
1.119535e-02	propellerTip	(-1.694595e+01 -9.915064e+00 -3.342358e+01)	(1.662794e+01 2.086153e+01 3.329245e+01)
1.126845e-02	propellerTip	(-1.658811e+01 -9.902128e+00 -3.334815e+01)	(1.625568e+01 2.068924e+01 3.319589e+01)
1.134173e-02	propellerTip	(-1.626000e+01 -9.894348e+00 -3.328274e+01)	(1.591711e+01 2.055176e+01 3.311101e+01)
1.141525e-02	propellerTip	(-1.596135e+01 -9.895554e+00 -3.322895e+01)	(1.561036e+01 2.044535e+01 3.304087e+01)
1.148907e-02	propellerTip	(-1.568880e+01 -9.901949e+00 -3.318808e+01)	(1.533301e+01 2.036481e+01 3.298446e+01)
1.156326e-02	propellerTip	(-1.543781e+01 -9.908065e+00 -3.315956e+01)	(1.508275e+01 2.030689e+01 3.294193e+01)
1.163787e-02	propellerTip	(-1.520626e+01 -9.913518e+00 -3.314369e+01)	(1.485591e+01 2.027158e+01 3.291367e+01)
1.171292e-02	propellerTip	(-1.499114e+01 -9.917849e+00 -3.314069e+01)	(1.464784e+01 2.025420e+01 3.290096e+01)
1.178842e-02	propellerTip	(-1.478966e+01 -9.919821e+00 -3.315337e+01)	(1.445411e+01 2.025483e+01 3.290355e+01)
1.186411e-02	propellerTip	(-1.459814e+01 -9.916566e+00 -3.317662e+01)	(1.427132e+01 2.025726e+01 3.291974e+01)
1.193982e-02	propellerTip	(-1.441433e+01 -9.906358e+00 -3.320427e+01)	(1.409658e+01 2.025038e+01 3.294251e+01)
1.201553e-02	propellerTip	(-1.423778e+01 -9.890265e+00 -3.323531e+01)	(1.392866e+01 2.023051e+01 3.296924e+01)
1.209122e-02	propellerTip	(-1.406555e+01 -9.869581e+00 -3.326417e+01)	(1.376961e+01 2.019350e+01 3.299497e+01)
1.216694e-02	propellerTip	(-1.389781e+01 -9.841572e+00 -3.328717e+01)	(1.361867e+01 2.014322e+01 3.301720e+01)
1.224267e-02	propellerTip	(-1.374331e+01 -9.808726e+00 -3.330232e+01)	(1.346634e+01 2.009307e+01 3.303213e+01)
1.231841e-02	propellerTip	(-1.359143e+01 -9.772966e+00 -3.330476e+01)	(1.332622e+01 2.003406e+01 3.303340e+01)
1.239416e-02	propellerTip	(-1.344546e+01 -9.733944e+00 -3.329538e+01)	(1.319869e+01 1.995313e+01 3.302723e+01)
1.246989e-02	propellerTip	(-1.330579e+01 -9.692467e+00 -3.328016e+01)	(1.308092e+01 1.985602e+01 3.301509e+01)
1.254560e-02	propellerTip	(-1.317738e+01 -9.648681e+00 -3.325915e+01)	(1.297741e+01 1.975449e+01 3.300094e+01)
1.262130e-02	propellerTip	(-1.306557e+01 -9.603666e+00 -3.323408e+01)	(1.288887e+01 1.965571e+01 3.298532e+01)
1.269698e-02	propellerTip	(-1.297235e+01 -9.558383e+00 -3.320554e+01)	(1.281510e+01 1.955607e+01 3.296741e+01)
1.277264e-02	propellerTip	(-1.289516e+01 -9.513085e+00 -3.317712e+01)	(1.275312e+01 1.945905e+01 3.294938e+01)
1.284828e-02	propellerTip	(-1.283021e+01 -9.470024e+00 -3.314909e+01)	(1.270161e+01 1.936707e+01 3.293313e+01)
1.292387e-02	propellerTip	(-1.277999e+01 -9.427555e+00 -3.312247e+01)	(1.266339e+01 1.929447e+01 3.291933e+01)
1.299941e-02	propellerTip	(-1.272700e+01 -9.386217e+00 -3.309645e+01)	(1.262498e+01 1.923807e+01 3.290461e+01)
1.307490e-02	propellerTip	(-1.267894e+01 -9.346321e+00 -3.306991e+01)	(1.258812e+01 1.919356e+01 3.288772e+01)
1.315033e-02	propellerTip	(-1.263912e+01 -9.308229e+00 -3.304088e+01)	(1.255788e+01 1.915421e+01 3.286773e+01)
1.322572e-02	propellerTip	(-1.260498e+01 -9.272164e+00 -3.300898e+01)	(1.253219e+01 1.911939e+01 3.284464e+01)
1.330108e-02	propellerTip	(-1.257678e+01 -9.238231e+00 -3.297564e+01)	(1.251214e+01 1.909243e+01 3.281977e+01)
1.337645e-02	propellerTip	(-1.255362e+01 -9.206914e+00 -3.294273e+01)	(1.249694e+01 1.907264e+01 3.279518e+01)
1.345184e-02	propellerTip	(-1.253505e+01 -9.178202e+00 -3.291104e+01)	(1.248606e+01 1.905849e+01 3.277206e+01)
1.352730e-02	propellerTip	(-1.252004e+01 -9.152471e+00 -3.288047e+01)	(1.247845e+01 1.904867e+01 3.275072e+01)
1.360274e-02	propellerTip	(-1.250839e+01 -9.129659e+00 -3.285142e+01)	(1.247351e+01 1.904404e+01 3.273076e+01)
1.367780e-02	propellerTip	(-1.250018e+01 -9.109504e+00 -3.282358e+01)	(1.247136e+01 1.904056e+01 3.271207e+01)
1.375257e-02	propellerTip	(-1.249572e+01 -9.091894e+00 -3.279639e+01)	(1.247221e+01 1.903923e+01 3.269370e+01)
1.382718e-02	propellerTip	(-1.249435e+01 -9.076644e+00 -3.276964e+01)	(1.247639e+01 1.904116e+01 3.267511e+01)
1.390171e-02	propellerTip	(-1.249621e+01 -9.063663e+00 -3.274374e+01)	(1.248354e+01 1.904739e+01 3.265662e+01)
1.397625e-02	propellerTip	(-1.250116e+01 -9.053152e+00 -3.271922e+01)	(1.249305e+01 1.905737e+01 3.263879e+01)
1.405087e-02	propellerTip	(-1.250851e+01 -9.044743e+00 -3.269503e+01)	(1.250425e+01 1.906927e+01 3.262132e+01)
1.412561e-02	propellerTip	(-1.251821e+01 -9.038215e+00 -3.267268e+01)	(1.251716e+01 1.908380e+01 3.260330e+01)
1.420042e-02	propellerTip	(-1.252983e+01 -9.033205e+00 -3.265165e+01)	(1.253131e+01 1.909938e+01 3.258545e+01)
1.427513e-02	propellerTip	(-1.254375e+01 -9.029852e+00 -3.263088e+01)	(1.254729e+01 1.911465e+01 3.256720e+01)
1.434976e-02	propellerTip	(-1.256051e+01 -9.028107e+00 -3.260912e+01)	(1.256610e+01 1.912971e+01 3.254725e+01)
1.442428e-02	propellerTip	(-1.258003e+01 -9.027632e+00 -3.258606e+01)	(1.258738e+01 1.914402e+01 3.252575e+01)
1.449869e-02	propellerTip	(-1.260197e+01 -9.028324e+00 -3.256123e+01)	(1.261113e+01 1.915665e+01 3.250218e+01)
1.457302e-02	propellerTip	(-1.262610e+01 -9.029697e+00 -3.253466e+01)	(1.263709e+01 1.916752e+01 3.247655e+01)
1.464726e-02	propellerTip	(-1.265209e+01 -9.031761e+00 -3.250629e+01)	(1.266485e+01 1.917657e+01 3.244885e+01)
1.472142e-02	propellerTip	(-1.267963e+01 -9.034526e+00 -3.247584e+01)	(1.269402e+01 1.918311e+01 3.241864e+01)
1.479551e-02	propellerTip	(-1.270845e+01 -9.037865e+00 -3.244360e+01)	(1.272415e+01 1.918727e+01 3.238604e+01)
1.486952e-02	propellerTip	(-1.273770e+01 -9.041827e+00 -3.240964e+01)	(1.275453e+01 1.918846e+01 3.235123e+01)
1.494343e-02	propellerTip	(-1.276656e+01 -9.046244e+00 -3.237412e+01)	(1.278423e+01 1.918676e+01 3.231451e+01)
1.501724e-02	propellerTip	(-1.279447e+01 -9.051011e+00 -3.233750e+01)	(1.281274e+01 1.918197e+01 3.227620e+01)
1.509092e-02	propellerTip	(-1.282080e+01 -9.055969e+00 -3.230010e+01)	(1.283895e+01 1.917193e+01 3.223796e+01)
1.516446e-02	propellerTip	(-1.284508e+01 -9.060949e+00 -3.226318e+01)	(1.286366e+01 1.915687e+01 3.220014e+01)
1.523785e-02	propellerTip	(-1.286795e+01 -9.066321e+00 -3.222674e+01)	(1.288684e+01 1.914376e+01 3.216324e+01)
1.531111e-02	propellerTip	(-1.288929e+01 -9.071881e+00 -3.219111e+01)	(1.290829e+01 1.913080e+01 3.212751e+01)
1.538424e-02	propellerTip	(-1.290901e+01 -9.077647e+00 -3.215673e+01)	(1.292772e+01 1.911856e+01 3.209335e+01)
1.545728e-02	propellerTip	(-1.292708e+01 -9.083579e+00 -3.212399e+01)	(1.294490e+01 1.910720e+01 3.206146e+01)
1.553023e-02	propellerTip	(-1.294335e+01 -9.089566e+00 -3.209318e+01)	(1.295956e+01 1.909688e+01 3.203188e+01)
1.560312e-02	propellerTip	(-1.295783e+01 -9.095594e+00 -3.206462e+01)	(1.297182e+01 1.908782e+01 3.200492e+01)
1.567595e-02	propellerTip	(-1.297054e+01 -9.101608e+00 -3.203867e+01)	(1.298196e+01 1.908021e+01 3.198041e+01)
1.574872e-02	propellerTip	(-1.298147e+01 -9.107575e+00 -3.201523e+01)	(1.298998e+01 1.907363e+01 3.195831e+01)
1.582140e-02	propellerTip	(-1.299052e+01 -9.113411e+00 -3.199419e+01)	(1.299623e+01 1.906767e+01 3.193878e+01)
1.589398e-02	propellerTip	(-1.299795e+01 -9.119062e+00 -3.197543e+01)	(1.300102e+01 1.906250e+01 3.192176e+01)
1.596647e-02	propellerTip	(-1.300398e+01 -9.124463e+00 -3.195887e+01)	(1.300445e+01 1.905813e+01 3.190700e+01)
1.603886e-02	propellerTip	(-1.300868e+01 -9.129587e+00 -3.194422e+01)	(1.300643e+01 1.905409e+01 3.189399e+01)
1.611116e-02	propellerTip	(-1.301204e+01 -9.134343e+00 -3.193115e+01)	(1.300682e+01 1.904997e+01 3.188266e+01)
1.618340e-02	propellerTip	(-1.301391e+01 -9.138594e+00 -3.191927e+01)	(1.300575e+01 1.904478e+01 3.187256e+01)
1.625562e-02	propellerTip	(-1.301436e+01 -9.142344e+00 -3.190852e+01)	(1.300287e+01 1.903877e+01 3.186325e+01)
1.632786e-02	propellerTip	(-1.301319e+01 -9.145475e+00 -3.189861e+01)	(1.299835e+01 1.903124e+01 3.185479e+01)
1.640016e-02	propellerTip	(-1.301027e+01 -9.147886e+00 -3.188951e+01)	(1.299232e+01 1.902219e+01 3.184700e+01)
1.647254e-02	propellerTip	(-1.300556e+01 -9.149467e+00 -3.188111e+01)	(1.298473e+01 1.901166e+01 3.183978e+01)
1.654500e-02	propellerTip	(-1.299890e+01 -9.150181e+00 -3.187372e+01)	(1.297538e+01 1.899970e+01 3.183342e+01)
1.661752e-02	propellerTip	(-1.299044e+01 -9.150087e+00 -3.186726e+01)	(1.296375e+01 1.898638e+01 3.182786e+01)
1.669012e-02	propellerTip	(-1.298024e+01 -9.149178e+00 -3.186184e+01)	(1.294991e+01 1.897194e+01 3.182313e+01)
1.676278e-02	propellerTip	(-1.296799e+01 -9.147318e+00 -3.185754e+01)	(1.293370e+01 1.895598e+01 3.181937e+01)
1.683551e-02	propellerTip	(-1.295388e+01 -9.144606e+00 -3.185458e+01)	(1.291516e+01 1.893955e+01 3.181669e+01)
1.690834e-02	propellerTip	(-1.293760e+01 -9.140976e+00 -3.185304e+01)	(1.289454e+01 1.892211e+01 3.181521e+01)
1.698126e-02	propellerTip	(-1.291926e+01 -9.136247e+00 -3.185292e+01)	(1.287200e+01 1.890398e+01 3.181498e+01)
1.705426e-02	propellerTip	(-1.289930e+01 -9.130614e+00 -3.185448e+01)	(1.284779e+01 1.888607e+01 3.181604e+01)
1.712735e-02	propellerTip	(-1.287802e+01 -9.124015e+00 -3.185762e+01)	(1.282201e+01 1.886837e+01 3.181822e+01)
1.720050e-02	propellerTip	(-1.285571e+01 -9.116365e+00 -3.186211e+01)	(1.279484e+01 1.885101e+01 3.182155e+01)
1.727371e-02	propellerTip	(-1.283257e+01 -9.107651e+00 -3.186783e+01)	(1.276658e+01 1.883416e+01 3.182604e+01)
1.734696e-02	propellerTip	(-1.280888e+01 -9.097822e+00 -3.187471e+01)	(1.273745e+01 1.881813e+01 3.183158e+01)
1.742025e-02	propellerTip	(-1.278477e+01 -9.087185e+00 -3.188260e+01)	(1.270775e+01 1.880311e+01 3.183809e+01)
1.749358e-02	propellerTip	(-1.276045e+01 -9.075830e+00 -3.189135e+01)	(1.267768e+01 1.878927e+01 3.184549e+01)
1.756695e-02	propellerTip	(-1.273614e+01 -9.063600e+00 -3.190082e+01)	(1.264750e+01 1.877681e+01 3.185356e+01)
1.764036e-02	propellerTip	(-1.271182e+01 -9.050408e+00 -3.191074e+01)	(1.261746e+01 1.876549e+01 3.186219e+01)
1.771382e-02	propellerTip	(-1.268807e+01 -9.036691e+00 -3.192110e+01)	(1.258775e+01 1.875660e+01 3.187112e+01)
1.778731e-02	propellerTip	(-1.266462e+01 -9.022224e+00 -3.193163e+01)	(1.255863e+01 1.874940e+01 3.188035e+01)
1.786083e-02	propellerTip	(-1.264164e+01 -9.006820e+00 -3.194219e+01)	(1.253035e+01 1.874419e+01 3.188963e+01)
1.793438e-02	propellerTip	(-1.261881e+01 -8.990818e+00 -3.195254e+01)	(1.250358e+01 1.874014e+01 3.189879e+01)
1.800794e-02	propellerTip	(-1.259621e+01 -8.974458e+00 -3.196249e+01)	(1.247805e+01 1.873716e+01 3.190751e+01)
1.808149e-02	propellerTip	(-1.257394e+01 -8.957855e+00 -3.197184e+01)	(1.245339e+01 1.873518e+01 3.191552e+01)
1.815503e-02	propellerTip	(-1.255216e+01 -8.940987e+00 -3.198065e+01)	(1.242972e+01 1.873443e+01 3.192264e+01)
1.822856e-02	propellerTip	(-1.253080e+01 -8.923897e+00 -3.198856e+01)	(1.240722e+01 1.873447e+01 3.192891e+01)
1.830207e-02	propellerTip	(-1.250991e+01 -8.906708e+00 -3.199546e+01)	(1.238566e+01 1.873533e+01 3.193380e+01)
1.837555e-02	propellerTip	(-1.248946e+01 -8.889510e+00 -3.200123e+01)	(1.236514e+01 1.873677e+01 3.193734e+01)
1.844898e-02	propellerTip	(-1.246940e+01 -8.872311e+00 -3.200588e+01)	(1.234553e+01 1.873870e+01 3.193951e+01)
1.852237e-02	propellerTip	(-1.244964e+01 -8.855205e+00 -3.200921e+01)	(1.232668e+01 1.874082e+01 3.194026e+01)
1.859569e-02	propellerTip	(-1.243033e+01 -8.838554e+00 -3.201137e+01)	(1.230860e+01 1.874349e+01 3.193971e+01)
1.866895e-02	propellerTip	(-1.241159e+01 -8.822165e+00 -3.201251e+01)	(1.229122e+01 1.874693e+01 3.193800e+01)
1.874213e-02	propellerTip	(-1.239371e+01 -8.806194e+00 -3.201254e+01)	(1.227474e+01 1.875131e+01 3.193513e+01)
1.881522e-02	propellerTip	(-1.237670e+01 -8.790635e+00 -3.201143e+01)	(1.225928e+01 1.875621e+01 3.193117e+01)
1.888823e-02	propellerTip	(-1.236052e+01 -8.775418e+00 -3.200939e+01)	(1.224476e+01 1.876164e+01 3.192646e+01)
1.896116e-02	propellerTip	(-1.234546e+01 -8.760666e+00 -3.200636e+01)	(1.223127e+01 1.876778e+01 3.192087e+01)
1.903399e-02	propellerTip	(-1.233149e+01 -8.746331e+00 -3.200211e+01)	(1.221910e+01 1.877409e+01 3.191432e+01)
1.910673e-02	propellerTip	(-1.231855e+01 -8.732686e+00 -3.199650e+01)	(1.220836e+01 1.878005e+01 3.190692e+01)
1.917938e-02	propellerTip	(-1.230662e+01 -8.719721e+00 -3.198965e+01)	(1.219895e+01 1.878597e+01 3.189881e+01)
1.925196e-02	propellerTip	(-1.229585e+01 -8.707394e+00 -3.198166e+01)	(1.219067e+01 1.879208e+01 3.189014e+01)
1.932445e-02	propellerTip	(-1.228612e+01 -8.695646e+00 -3.197273e+01)	(1.218307e+01 1.879852e+01 3.188088e+01)
1.939688e-02	propellerTip	(-1.227709e+01 -8.684494e+00 -3.196278e+01)	(1.217596e+01 1.880439e+01 3.187085e+01)
1.946923e-02	propellerTip	(-1.226854e+01 -8.673950e+00 -3.195177e+01)	(1.216922e+01 1.880913e+01 3.185987e+01)
1.954153e-02	propellerTip	(-1.226024e+01 -8.664002e+00 -3.193957e+01)	(1.216253e+01 1.881215e+01 3.184803e+01)
1.961378e-02	propellerTip	(-1.225206e+01 -8.654686e+00 -3.192616e+01)	(1.215547e+01 1.881328e+01 3.183511e+01)
1.968597e-02	propellerTip	(-1.224384e+01 -8.646032e+00 -3.191144e+01)	(1.214798e+01 1.881222e+01 3.182112e+01)
1.975813e-02	propellerTip	(-1.223532e+01 -8.638008e+00 -3.189543e+01)	(1.213999e+01 1.880867e+01 3.180597e+01)
1.983026e-02	propellerTip	(-1.222609e+01 -8.630592e+00 -3.187813e+01)	(1.213126e+01 1.880228e+01 3.178966e+01)
1.990237e-02	propellerTip	(-1.221602e+01 -8.623795e+00 -3.185963e+01)	(1.212183e+01 1.879270e+01 3.177212e+01)
1.997446e-02	propellerTip	(-1.220482e+01 -8.617602e+00 -3.184018e+01)	(1.211146e+01 1.878028e+01 3.175350e+01)
2.004654e-02	propellerTip	(-1.219239e+01 -8.612042e+00 -3.181999e+01)	(1.210008e+01 1.876550e+01 3.173401e+01)
2.011859e-02	propellerTip	(-1.217853e+01 -8.607097e+00 -3.179930e+01)	(1.208753e+01 1.874848e+01 3.171389e+01)
2.019059e-02	propellerTip	(-1.216322e+01 -8.602774e+00 -3.177829e+01)	(1.207380e+01 1.872937e+01 3.169342e+01)
2.026255e-02	propellerTip	(-1.214645e+01 -8.599040e+00 -3.175718e+01)	(1.205875e+01 1.870841e+01 3.167283e+01)
2.033445e-02	propellerTip	(-1.212836e+01 -8.595940e+00 -3.173630e+01)	(1.204236e+01 1.868613e+01 3.165232e+01)
2.040629e-02	propellerTip	(-1.210901e+01 -8.593430e+00 -3.171586e+01)	(1.202463e+01 1.866275e+01 3.163205e+01)
2.047807e-02	propellerTip	(-1.208847e+01 -8.591500e+00 -3.169602e+01)	(1.200572e+01 1.863851e+01 3.161221e+01)
2.054980e-02	propellerTip	(-1.206690e+01 -8.590119e+00 -3.167696e+01)	(1.198578e+01 1.861383e+01 3.159300e+01)
2.062147e-02	propellerTip	(-1.204445e+01 -8.589326e+00 -3.165879e+01)	(1.196496e+01 1.858904e+01 3.157447e+01)
2.069310e-02	propellerTip	(-1.202135e+01 -8.589128e+00 -3.164159e+01)	(1.194344e+01 1.856441e+01 3.155674e+01)
2.076469e-02	propellerTip	(-1.199786e+01 -8.589451e+00 -3.162534e+01)	(1.192148e+01 1.854013e+01 3.153997e+01)
2.083623e-02	propellerTip	(-1.197420e+01 -8.590249e+00 -3.161006e+01)	(1.189933e+01 1.851635e+01 3.152423e+01)
2.090774e-02	propellerTip	(-1.195052e+01 -8.591524e+00 -3.159574e+01)	(1.187718e+01 1.849310e+01 3.150953e+01)
2.097921e-02	propellerTip	(-1.192699e+01 -8.593243e+00 -3.158239e+01)	(1.185516e+01 1.847051e+01 3.149582e+01)
2.105064e-02	propellerTip	(-1.190372e+01 -8.595402e+00 -3.157013e+01)	(1.183344e+01 1.844887e+01 3.148310e+01)
2.112203e-02	propellerTip	(-1.188077e+01 -8.597995e+00 -3.155896e+01)	(1.181211e+01 1.842815e+01 3.147131e+01)
2.119339e-02	propellerTip	(-1.185827e+01 -8.600974e+00 -3.154892e+01)	(1.179122e+01 1.840861e+01 3.146044e+01)
2.126472e-02	propellerTip	(-1.183628e+01 -8.604306e+00 -3.154007e+01)	(1.177083e+01 1.839031e+01 3.145047e+01)
2.133601e-02	propellerTip	(-1.181483e+01 -8.608005e+00 -3.153241e+01)	(1.175099e+01 1.837337e+01 3.144140e+01)
2.140728e-02	propellerTip	(-1.179403e+01 -8.612029e+00 -3.152599e+01)	(1.173175e+01 1.835803e+01 3.143324e+01)
2.147851e-02	propellerTip	(-1.177391e+01 -8.616339e+00 -3.152079e+01)	(1.171313e+01 1.834421e+01 3.142599e+01)
2.154972e-02	propellerTip	(-1.175455e+01 -8.620805e+00 -3.151680e+01)	(1.169518e+01 1.833208e+01 3.141961e+01)
2.162090e-02	propellerTip	(-1.173600e+01 -8.625563e+00 -3.151397e+01)	(1.167789e+01 1.832156e+01 3.141411e+01)
2.169206e-02	propellerTip	(-1.171834e+01 -8.630617e+00 -3.151221e+01)	(1.166129e+01 1.831271e+01 3.140952e+01)
2.176320e-02	propellerTip	(-1.170164e+01 -8.635977e+00 -3.151150e+01)	(1.164547e+01 1.830559e+01 3.140582e+01)
2.183433e-02	propellerTip	(-1.168598e+01 -8.641642e+00 -3.151185e+01)	(1.163045e+01 1.830030e+01 3.140299e+01)
2.190545e-02	propellerTip	(-1.167137e+01 -8.647573e+00 -3.151311e+01)	(1.161632e+01 1.829666e+01 3.140099e+01)
2.197656e-02	propellerTip	(-1.165796e+01 -8.653594e+00 -3.151532e+01)	(1.160309e+01 1.829486e+01 3.139973e+01)
2.204768e-02	propellerTip	(-1.164576e+01 -8.659867e+00 -3.151839e+01)	(1.159087e+01 1.829475e+01 3.139929e+01)
2.211881e-02	propellerTip	(-1.163480e+01 -8.666345e+00 -3.152224e+01)	(1.157967e+01 1.829621e+01 3.139963e+01)
2.218995e-02	propellerTip	(-1.162507e+01 -8.673123e+00 -3.152679e+01)	(1.156951e+01 1.829917e+01 3.140070e+01)
2.226112e-02	propellerTip	(-1.161660e+01 -8.680167e+00 -3.153196e+01)	(1.156046e+01 1.830356e+01 3.140251e+01)
2.233232e-02	propellerTip	(-1.160936e+01 -8.687413e+00 -3.153760e+01)	(1.155255e+01 1.830918e+01 3.140505e+01)
2.240355e-02	propellerTip	(-1.160335e+01 -8.694848e+00 -3.154362e+01)	(1.154582e+01 1.831584e+01 3.140824e+01)
2.247483e-02	propellerTip	(-1.159846e+01 -8.702465e+00 -3.154992e+01)	(1.154030e+01 1.832317e+01 3.141200e+01)
2.254616e-02	propellerTip	(-1.159459e+01 -8.710267e+00 -3.155634e+01)	(1.153598e+01 1.833093e+01 3.141626e+01)
2.261753e-02	propellerTip	(-1.159175e+01 -8.718256e+00 -3.156288e+01)	(1.153290e+01 1.833936e+01 3.142100e+01)
2.268896e-02	propellerTip	(-1.158990e+01 -8.726431e+00 -3.156953e+01)	(1.153101e+01 1.834838e+01 3.142609e+01)
2.276044e-02	propellerTip	(-1.158895e+01 -8.734819e+00 -3.157623e+01)	(1.153029e+01 1.835786e+01 3.143150e+01)
2.283198e-02	propellerTip	(-1.158885e+01 -8.743422e+00 -3.158294e+01)	(1.153073e+01 1.836779e+01 3.143722e+01)
2.290357e-02	propellerTip	(-1.158965e+01 -8.752273e+00 -3.158962e+01)	(1.153225e+01 1.837827e+01 3.144313e+01)
2.297522e-02	propellerTip	(-1.159129e+01 -8.761346e+00 -3.159621e+01)	(1.153479e+01 1.838898e+01 3.144923e+01)
2.304691e-02	propellerTip	(-1.159373e+01 -8.770614e+00 -3.160269e+01)	(1.153830e+01 1.840010e+01 3.145544e+01)
2.311865e-02	propellerTip	(-1.159694e+01 -8.780046e+00 -3.160895e+01)	(1.154272e+01 1.841144e+01 3.146169e+01)
2.319043e-02	propellerTip	(-1.160087e+01 -8.789637e+00 -3.161492e+01)	(1.154801e+01 1.842285e+01 3.146792e+01)
2.326225e-02	propellerTip	(-1.160539e+01 -8.799398e+00 -3.162052e+01)	(1.155410e+01 1.843404e+01 3.147408e+01)
2.333411e-02	propellerTip	(-1.161046e+01 -8.809344e+00 -3.162571e+01)	(1.156088e+01 1.844503e+01 3.148014e+01)
2.340599e-02	propellerTip	(-1.161600e+01 -8.819467e+00 -3.163048e+01)	(1.156824e+01 1.845568e+01 3.148609e+01)
2.347789e-02	propellerTip	(-1.162189e+01 -8.829723e+00 -3.163488e+01)	(1.157614e+01 1.846601e+01 3.149181e+01)
2.354983e-02	propellerTip	(-1.162809e+01 -8.840129e+00 -3.163885e+01)	(1.158452e+01 1.847577e+01 3.149725e+01)
2.362178e-02	propellerTip	(-1.163446e+01 -8.850683e+00 -3.164229e+01)	(1.159335e+01 1.848479e+01 3.150235e+01)
2.369373e-02	propellerTip	(-1.164093e+01 -8.861379e+00 -3.164527e+01)	(1.160246e+01 1.849305e+01 3.150705e+01)
2.376569e-02	propellerTip	(-1.164741e+01 -8.872248e+00 -3.164786e+01)	(1.161177e+01 1.850055e+01 3.151124e+01)
2.383763e-02	propellerTip	(-1.165382e+01 -8.883301e+00 -3.165002e+01)	(1.162112e+01 1.850715e+01 3.151497e+01)
2.390955e-02	propellerTip	(-1.166005e+01 -8.894521e+00 -3.165172e+01)	(1.163050e+01 1.851277e+01 3.151830e+01)
2.398145e-02	propellerTip	(-1.166608e+01 -8.905856e+00 -3.165305e+01)	(1.163979e+01 1.851743e+01 3.152115e+01)
2.405331e-02	propellerTip	(-1.167186e+01 -8.917294e+00 -3.165395e+01)	(1.164893e+01 1.852102e+01 3.152354e+01)
2.412514e-02	propellerTip	(-1.167738e+01 -8.928872e+00 -3.165438e+01)	(1.165789e+01 1.852353e+01 3.152546e+01)
2.419696e-02	propellerTip	(-1.168265e+01 -8.940579e+00 -3.165432e+01)	(1.166661e+01 1.852499e+01 3.152705e+01)
2.426878e-02	propellerTip	(-1.168772e+01 -8.952508e+00 -3.165386e+01)	(1.167507e+01 1.852556e+01 3.152848e+01)
2.434063e-02	propellerTip	(-1.169257e+01 -8.964601e+00 -3.165303e+01)	(1.168324e+01 1.852529e+01 3.152972e+01)
2.441252e-02	propellerTip	(-1.169726e+01 -8.976912e+00 -3.165187e+01)	(1.169119e+01 1.852423e+01 3.153083e+01)
2.448442e-02	propellerTip	(-1.170179e+01 -8.989478e+00 -3.165038e+01)	(1.169897e+01 1.852236e+01 3.153185e+01)
2.455634e-02	propellerTip	(-1.170619e+01 -9.001990e+00 -3.164871e+01)	(1.170661e+01 1.851979e+01 3.153274e+01)
2.462824e-02	propellerTip	(-1.171050e+01 -9.014557e+00 -3.164686e+01)	(1.171416e+01 1.851642e+01 3.153361e+01)
2.470010e-02	propellerTip	(-1.171471e+01 -9.027237e+00 -3.164487e+01)	(1.172163e+01 1.851231e+01 3.153435e+01)
2.477191e-02	propellerTip	(-1.171886e+01 -9.040270e+00 -3.164284e+01)	(1.172899e+01 1.850764e+01 3.153491e+01)
2.484364e-02	propellerTip	(-1.172298e+01 -9.053704e+00 -3.164084e+01)	(1.173621e+01 1.850243e+01 3.153530e+01)
2.491529e-02	propellerTip	(-1.172700e+01 -9.067728e+00 -3.163886e+01)	(1.174328e+01 1.849666e+01 3.153554e+01)
2.498686e-02	propellerTip	(-1.173092e+01 -9.081888e+00 -3.163694e+01)	(1.175016e+01 1.849046e+01 3.153570e+01)
2.505836e-02	propellerTip	(-1.173477e+01 -9.096229e+00 -3.163516e+01)	(1.175679e+01 1.848404e+01 3.153574e+01)
2.512982e-02	propellerTip	(-1.173851e+01 -9.110586e+00 -3.163353e+01)	(1.176309e+01 1.847734e+01 3.153569e+01)
2.520126e-02	propellerTip	(-1.174218e+01 -9.125081e+00 -3.163212e+01)	(1.176897e+01 1.847051e+01 3.153555e+01)
2.527270e-02	propellerTip	(-1.174572e+01 -9.139665e+00 -3.163087e+01)	(1.177443e+01 1.846342e+01 3.153535e+01)
2.534415e-02	propellerTip	(-1.174916e+01 -9.154215e+00 -3.162985e+01)	(1.177952e+01 1.845618e+01 3.153515e+01)
2.541560e-02	propellerTip	(-1.175252e+01 -9.168695e+00 -3.162909e+01)	(1.178423e+01 1.844868e+01 3.153504e+01)
2.548706e-02	propellerTip	(-1.175582e+01 -9.183171e+00 -3.162864e+01)	(1.178854e+01 1.844097e+01 3.153500e+01)
2.555851e-02	propellerTip	(-1.175898e+01 -9.197628e+00 -3.162843e+01)	(1.179245e+01 1.843284e+01 3.153511e+01)
2.562993e-02	propellerTip	(-1.176205e+01 -9.211988e+00 -3.162845e+01)	(1.179596e+01 1.842431e+01 3.153544e+01)
2.570131e-02	propellerTip	(-1.176503e+01 -9.226278e+00 -3.162872e+01)	(1.179902e+01 1.841541e+01 3.153603e+01)
2.577262e-02	propellerTip	(-1.176793e+01 -9.240626e+00 -3.162929e+01)	(1.180164e+01 1.840628e+01 3.153688e+01)
2.584387e-02	propellerTip	(-1.177076e+01 -9.255116e+00 -3.163011e+01)	(1.180386e+01 1.839686e+01 3.153805e+01)
2.591504e-02	propellerTip	(-1.177355e+01 -9.269636e+00 -3.163117e+01)	(1.180571e+01 1.838726e+01 3.153948e+01)
2.598614e-02	propellerTip	(-1.177634e+01 -9.284025e+00 -3.163256e+01)	(1.180718e+01 1.837760e+01 3.154118e+01)
2.605720e-02	propellerTip	(-1.177910e+01 -9.298300e+00 -3.163425e+01)	(1.180831e+01 1.836797e+01 3.154318e+01)
2.612824e-02	propellerTip	(-1.178184e+01 -9.312427e+00 -3.163627e+01)	(1.180917e+01 1.835862e+01 3.154553e+01)
2.619927e-02	propellerTip	(-1.178454e+01 -9.326379e+00 -3.163870e+01)	(1.180979e+01 1.834956e+01 3.154826e+01)
2.627033e-02	propellerTip	(-1.178716e+01 -9.340122e+00 -3.164165e+01)	(1.181025e+01 1.834086e+01 3.155143e+01)
2.634140e-02	propellerTip	(-1.178968e+01 -9.353641e+00 -3.164513e+01)	(1.181028e+01 1.833244e+01 3.155525e+01)
2.641248e-02	propellerTip	(-1.179199e+01 -9.366900e+00 -3.164922e+01)	(1.180991e+01 1.832419e+01 3.155976e+01)
2.648357e-02	propellerTip	(-1.179406e+01 -9.379887e+00 -3.165391e+01)	(1.180919e+01 1.831607e+01 3.156494e+01)
2.655463e-02	propellerTip	(-1.179590e+01 -9.392599e+00 -3.165925e+01)	(1.180819e+01 1.830816e+01 3.157080e+01)
2.662567e-02	propellerTip	(-1.179749e+01 -9.404937e+00 -3.166523e+01)	(1.180710e+01 1.830022e+01 3.157726e+01)
2.669667e-02	propellerTip	(-1.179873e+01 -9.416798e+00 -3.167184e+01)	(1.180602e+01 1.829243e+01 3.158423e+01)
2.676761e-02	propellerTip	(-1.179967e+01 -9.428329e+00 -3.167922e+01)	(1.180498e+01 1.828544e+01 3.159166e+01)
2.683851e-02	propellerTip	(-1.180038e+01 -9.439573e+00 -3.168725e+01)	(1.180408e+01 1.827927e+01 3.159945e+01)
2.690937e-02	propellerTip	(-1.180099e+01 -9.450610e+00 -3.169591e+01)	(1.180348e+01 1.827406e+01 3.160752e+01)
2.698023e-02	propellerTip	(-1.180163e+01 -9.461356e+00 -3.170508e+01)	(1.180324e+01 1.826984e+01 3.161587e+01)
2.705110e-02	propellerTip	(-1.180243e+01 -9.471817e+00 -3.171480e+01)	(1.180344e+01 1.826679e+01 3.162443e+01)
2.712200e-02	propellerTip	(-1.180349e+01 -9.482051e+00 -3.172492e+01)	(1.180399e+01 1.826471e+01 3.163318e+01)
2.719296e-02	propellerTip	(-1.180482e+01 -9.491934e+00 -3.173551e+01)	(1.180497e+01 1.826385e+01 3.164205e+01)
2.726397e-02	propellerTip	(-1.180650e+01 -9.501444e+00 -3.174653e+01)	(1.180632e+01 1.826414e+01 3.165106e+01)
2.733503e-02	propellerTip	(-1.180848e+01 -9.510582e+00 -3.175794e+01)	(1.180805e+01 1.826553e+01 3.166020e+01)
2.740613e-02	propellerTip	(-1.181079e+01 -9.519332e+00 -3.176964e+01)	(1.181017e+01 1.826792e+01 3.166959e+01)
2.747725e-02	propellerTip	(-1.181348e+01 -9.527663e+00 -3.178172e+01)	(1.181264e+01 1.827162e+01 3.167925e+01)
2.754840e-02	propellerTip	(-1.181662e+01 -9.535573e+00 -3.179402e+01)	(1.181534e+01 1.827626e+01 3.168901e+01)
2.761955e-02	propellerTip	(-1.182009e+01 -9.543139e+00 -3.180636e+01)	(1.181809e+01 1.828153e+01 3.169887e+01)
2.769070e-02	propellerTip	(-1.182375e+01 -9.550278e+00 -3.181858e+01)	(1.182081e+01 1.828708e+01 3.170886e+01)
2.776184e-02	propellerTip	(-1.182750e+01 -9.557037e+00 -3.183056e+01)	(1.182343e+01 1.829278e+01 3.171911e+01)
2.783298e-02	propellerTip	(-1.183133e+01 -9.563436e+00 -3.184224e+01)	(1.182596e+01 1.829865e+01 3.172969e+01)
2.790415e-02	propellerTip	(-1.183517e+01 -9.569474e+00 -3.185371e+01)	(1.182840e+01 1.830466e+01 3.174069e+01)
2.797537e-02	propellerTip	(-1.183889e+01 -9.575137e+00 -3.186505e+01)	(1.183078e+01 1.831084e+01 3.175215e+01)
2.804667e-02	propellerTip	(-1.184241e+01 -9.580405e+00 -3.187635e+01)	(1.183311e+01 1.831721e+01 3.176405e+01)
2.811805e-02	propellerTip	(-1.184564e+01 -9.585292e+00 -3.188768e+01)	(1.183536e+01 1.832376e+01 3.177628e+01)
2.818951e-02	propellerTip	(-1.184848e+01 -9.589802e+00 -3.189913e+01)	(1.183755e+01 1.833035e+01 3.178879e+01)
2.826103e-02	propellerTip	(-1.185091e+01 -9.593924e+00 -3.191079e+01)	(1.183966e+01 1.833697e+01 3.180144e+01)
2.833258e-02	propellerTip	(-1.185289e+01 -9.597646e+00 -3.192284e+01)	(1.184169e+01 1.834377e+01 3.181414e+01)
2.840416e-02	propellerTip	(-1.185441e+01 -9.600958e+00 -3.193545e+01)	(1.184361e+01 1.835097e+01 3.182675e+01)
2.847573e-02	propellerTip	(-1.185549e+01 -9.603891e+00 -3.194862e+01)	(1.184542e+01 1.835868e+01 3.183913e+01)
2.854727e-02	propellerTip	(-1.185622e+01 -9.606472e+00 -3.196231e+01)	(1.184719e+01 1.836705e+01 3.185111e+01)
2.861880e-02	propellerTip	(-1.185665e+01 -9.608741e+00 -3.197640e+01)	(1.184899e+01 1.837604e+01 3.186264e+01)
2.869030e-02	propellerTip	(-1.185691e+01 -9.610728e+00 -3.199072e+01)	(1.185091e+01 1.838567e+01 3.187372e+01)
2.876181e-02	propellerTip	(-1.185710e+01 -9.612449e+00 -3.200506e+01)	(1.185304e+01 1.839588e+01 3.188442e+01)
2.883334e-02	propellerTip	(-1.185731e+01 -9.613903e+00 -3.201918e+01)	(1.185542e+01 1.840648e+01 3.189481e+01)
2.890491e-02	propellerTip	(-1.185769e+01 -9.615085e+00 -3.203285e+01)	(1.185802e+01 1.841736e+01 3.190492e+01)
2.897654e-02	propellerTip	(-1.185842e+01 -9.616000e+00 -3.204589e+01)	(1.186083e+01 1.842837e+01 3.191480e+01)
2.904824e-02	propellerTip	(-1.185969e+01 -9.616660e+00 -3.205824e+01)	(1.186385e+01 1.843946e+01 3.192445e+01)
2.912000e-02	propellerTip	(-1.186161e+01 -9.617046e+00 -3.206986e+01)	(1.186712e+01 1.845048e+01 3.193386e+01)
2.919182e-02	propellerTip	(-1.186419e+01 -9.617186e+00 -3.208067e+01)	(1.187066e+01 1.846126e+01 3.194302e+01)
2.926367e-02	propellerTip	(-1.186744e+01 -9.617114e+00 -3.209070e+01)	(1.187452e+01 1.847178e+01 3.195187e+01)
2.933554e-02	propellerTip	(-1.187140e+01 -9.616853e+00 -3.209996e+01)	(1.187871e+01 1.848196e+01 3.196039e+01)
2.940741e-02	propellerTip	(-1.187601e+01 -9.616427e+00 -3.210849e+01)	(1.188324e+01 1.849172e+01 3.196856e+01)
2.947926e-02	propellerTip	(-1.188116e+01 -9.615881e+00 -3.211632e+01)	(1.188814e+01 1.850097e+01 3.197635e+01)
2.955108e-02	propellerTip	(-1.188678e+01 -9.615255e+00 -3.212342e+01)	(1.189337e+01 1.850965e+01 3.198375e+01)
2.962287e-02	propellerTip	(-1.189282e+01 -9.614548e+00 -3.212978e+01)	(1.189898e+01 1.851780e+01 3.199074e+01)
2.969464e-02	propellerTip	(-1.189928e+01 -9.613807e+00 -3.213542e+01)	(1.190493e+01 1.852543e+01 3.199730e+01)
2.976640e-02	propellerTip	(-1.190608e+01 -9.613022e+00 -3.214039e+01)	(1.191122e+01 1.853258e+01 3.200343e+01)
2.983817e-02	propellerTip	(-1.191313e+01 -9.612298e+00 -3.214475e+01)	(1.191779e+01 1.853936e+01 3.200913e+01)
2.990999e-02	propellerTip	(-1.192036e+01 -9.611594e+00 -3.214852e+01)	(1.192462e+01 1.854581e+01 3.201450e+01)
2.998185e-02	propellerTip	(-1.192774e+01 -9.610921e+00 -3.215178e+01)	(1.193163e+01 1.855196e+01 3.201958e+01)
3.005374e-02	propellerTip	(-1.193529e+01 -9.610289e+00 -3.215459e+01)	(1.193873e+01 1.855787e+01 3.202450e+01)
3.012566e-02	propellerTip	(-1.194307e+01 -9.609727e+00 -3.215703e+01)	(1.194589e+01 1.856354e+01 3.202932e+01)
3.019759e-02	propellerTip	(-1.195110e+01 -9.609247e+00 -3.215917e+01)	(1.195318e+01 1.856908e+01 3.203403e+01)
3.026949e-02	propellerTip	(-1.195942e+01 -9.608871e+00 -3.216114e+01)	(1.196071e+01 1.857456e+01 3.203869e+01)
3.034136e-02	propellerTip	(-1.196805e+01 -9.608635e+00 -3.216303e+01)	(1.196852e+01 1.858007e+01 3.204326e+01)
3.041317e-02	propellerTip	(-1.197695e+01 -9.608577e+00 -3.216496e+01)	(1.197666e+01 1.858565e+01 3.204766e+01)
3.048492e-02	propellerTip	(-1.198606e+01 -9.608688e+00 -3.216699e+01)	(1.198512e+01 1.859139e+01 3.205184e+01)
3.055661e-02	propellerTip	(-1.199536e+01 -9.609035e+00 -3.216912e+01)	(1.199390e+01 1.859737e+01 3.205579e+01)
3.062826e-02	propellerTip	(-1.200489e+01 -9.609639e+00 -3.217132e+01)	(1.200298e+01 1.860369e+01 3.205951e+01)
3.069989e-02	propellerTip	(-1.201472e+01 -9.610468e+00 -3.217360e+01)	(1.201231e+01 1.861045e+01 3.206302e+01)
3.077153e-02	propellerTip	(-1.202489e+01 -9.611514e+00 -3.217604e+01)	(1.202188e+01 1.861771e+01 3.206638e+01)
3.084319e-02	propellerTip	(-1.203540e+01 -9.612741e+00 -3.217864e+01)	(1.203165e+01 1.862543e+01 3.206970e+01)
3.091488e-02	propellerTip	(-1.204622e+01 -9.614129e+00 -3.218140e+01)	(1.204162e+01 1.863351e+01 3.207302e+01)
3.098659e-02	propellerTip	(-1.205734e+01 -9.615643e+00 -3.218432e+01)	(1.205177e+01 1.864192e+01 3.207641e+01)
3.105830e-02	propellerTip	(-1.206879e+01 -9.617284e+00 -3.218737e+01)	(1.206210e+01 1.865055e+01 3.207995e+01)
3.112999e-02	propellerTip	(-1.208063e+01 -9.619064e+00 -3.219051e+01)	(1.207260e+01 1.865938e+01 3.208364e+01)
3.120164e-02	propellerTip	(-1.209291e+01 -9.620975e+00 -3.219368e+01)	(1.208327e+01 1.866835e+01 3.208750e+01)
3.127324e-02	propellerTip	(-1.210564e+01 -9.622985e+00 -3.219694e+01)	(1.209414e+01 1.867749e+01 3.209159e+01)
3.134477e-02	propellerTip	(-1.211891e+01 -9.625081e+00 -3.220031e+01)	(1.210522e+01 1.868683e+01 3.209591e+01)
3.141624e-02	propellerTip	(-1.213261e+01 -9.627256e+00 -3.220380e+01)	(1.211651e+01 1.869623e+01 3.210043e+01)
3.148766e-02	propellerTip	(-1.214667e+01 -9.629538e+00 -3.220740e+01)	(1.212801e+01 1.870568e+01 3.210513e+01)
3.155905e-02	propellerTip	(-1.216101e+01 -9.631918e+00 -3.221110e+01)	(1.213970e+01 1.871523e+01 3.210998e+01)
3.163044e-02	propellerTip	(-1.217559e+01 -9.634369e+00 -3.221486e+01)	(1.215159e+01 1.872487e+01 3.211493e+01)
3.170186e-02	propellerTip	(-1.219038e+01 -9.636846e+00 -3.221866e+01)	(1.216364e+01 1.873460e+01 3.211999e+01)
3.177332e-02	propellerTip	(-1.220529e+01 -9.639321e+00 -3.222254e+01)	(1.217585e+01 1.874433e+01 3.212519e+01)
3.184483e-02	propellerTip	(-1.222025e+01 -9.641771e+00 -3.222655e+01)	(1.218817e+01 1.875402e+01 3.213053e+01)
3.191637e-02	propellerTip	(-1.223521e+01 -9.644138e+00 -3.223069e+01)	(1.220057e+01 1.876359e+01 3.213597e+01)
3.198791e-02	propellerTip	(-1.225009e+01 -9.646377e+00 -3.223493e+01)	(1.221302e+01 1.877293e+01 3.214153e+01)
3.205945e-02	propellerTip	(-1.226480e+01 -9.648491e+00 -3.223922e+01)	(1.222550e+01 1.878203e+01 3.214717e+01)
3.213095e-02	propellerTip	(-1.227937e+01 -9.650479e+00 -3.224354e+01)	(1.223797e+01 1.879092e+01 3.215286e+01)
3.220241e-02	propellerTip	(-1.229378e+01 -9.652329e+00 -3.224786e+01)	(1.225043e+01 1.879955e+01 3.215860e+01)
3.227381e-02	propellerTip	(-1.230804e+01 -9.654032e+00 -3.225219e+01)	(1.226284e+01 1.880804e+01 3.216435e+01)
3.234518e-02	propellerTip	(-1.232213e+01 -9.655607e+00 -3.225650e+01)	(1.227515e+01 1.881639e+01 3.217007e+01)
3.241653e-02	propellerTip	(-1.233600e+01 -9.657035e+00 -3.226077e+01)	(1.228735e+01 1.882467e+01 3.217576e+01)
3.248788e-02	propellerTip	(-1.234963e+01 -9.658296e+00 -3.226497e+01)	(1.229939e+01 1.883289e+01 3.218140e+01)
3.255928e-02	propellerTip	(-1.236303e+01 -9.659360e+00 -3.226907e+01)	(1.231128e+01 1.884113e+01 3.218700e+01)
3.263073e-02	propellerTip	(-1.237621e+01 -9.660201e+00 -3.227313e+01)	(1.232298e+01 1.884938e+01 3.219256e+01)
3.270225e-02	propellerTip	(-1.238906e+01 -9.660785e+00 -3.227717e+01)	(1.233447e+01 1.885754e+01 3.219810e+01)
3.277383e-02	propellerTip	(-1.240154e+01 -9.661094e+00 -3.228114e+01)	(1.234574e+01 1.886546e+01 3.220361e+01)
3.284545e-02	propellerTip	(-1.241364e+01 -9.661110e+00 -3.228503e+01)	(1.235676e+01 1.887306e+01 3.220908e+01)
3.291708e-02	propellerTip	(-1.242535e+01 -9.660823e+00 -3.228877e+01)	(1.236754e+01 1.888022e+01 3.221446e+01)
3.298871e-02	propellerTip	(-1.243660e+01 -9.660236e+00 -3.229232e+01)	(1.237805e+01 1.888692e+01 3.221972e+01)
3.306030e-02	propellerTip	(-1.244740e+01 -9.659351e+00 -3.229561e+01)	(1.238830e+01 1.889312e+01 3.222482e+01)
3.313184e-02	propellerTip	(-1.245773e+01 -9.658138e+00 -3.229853e+01)	(1.239824e+01 1.889881e+01 3.222969e+01)
3.320335e-02	propellerTip	(-1.246760e+01 -9.656628e+00 -3.230107e+01)	(1.240785e+01 1.890403e+01 3.223426e+01)
3.327484e-02	propellerTip	(-1.247702e+01 -9.654861e+00 -3.230315e+01)	(1.241712e+01 1.890885e+01 3.223851e+01)
3.334633e-02	propellerTip	(-1.248605e+01 -9.652797e+00 -3.230479e+01)	(1.242600e+01 1.891335e+01 3.224238e+01)
3.341785e-02	propellerTip	(-1.249477e+01 -9.650398e+00 -3.230600e+01)	(1.243447e+01 1.891761e+01 3.224586e+01)
3.348944e-02	propellerTip	(-1.250315e+01 -9.647643e+00 -3.230683e+01)	(1.244250e+01 1.892164e+01 3.224894e+01)
3.356110e-02	propellerTip	(-1.251117e+01 -9.644506e+00 -3.230732e+01)	(1.245009e+01 1.892537e+01 3.225161e+01)
3.363284e-02	propellerTip	(-1.251879e+01 -9.640983e+00 -3.230746e+01)	(1.245719e+01 1.892868e+01 3.225384e+01)
3.370463e-02	propellerTip	(-1.252598e+01 -9.637124e+00 -3.230723e+01)	(1.246375e+01 1.893141e+01 3.225559e+01)
3.377646e-02	propellerTip	(-1.253272e+01 -9.632922e+00 -3.230660e+01)	(1.246979e+01 1.893347e+01 3.225686e+01)
3.384828e-02	propellerTip	(-1.253903e+01 -9.628372e+00 -3.230550e+01)	(1.247531e+01 1.893481e+01 3.225759e+01)
3.392009e-02	propellerTip	(-1.254486e+01 -9.623490e+00 -3.230388e+01)	(1.248025e+01 1.893537e+01 3.225774e+01)
3.399185e-02	propellerTip	(-1.255020e+01 -9.618298e+00 -3.230171e+01)	(1.248463e+01 1.893516e+01 3.225729e+01)
3.406357e-02	propellerTip	(-1.255508e+01 -9.612872e+00 -3.229897e+01)	(1.248845e+01 1.893420e+01 3.225621e+01)
3.413526e-02	propellerTip	(-1.255945e+01 -9.607224e+00 -3.229560e+01)	(1.249172e+01 1.893251e+01 3.225451e+01)
3.420693e-02	propellerTip	(-1.256331e+01 -9.601372e+00 -3.229160e+01)	(1.249445e+01 1.893018e+01 3.225218e+01)
3.427860e-02	propellerTip	(-1.256668e+01 -9.595326e+00 -3.228696e+01)	(1.249662e+01 1.892726e+01 3.224923e+01)
3.435032e-02	propellerTip	(-1.256954e+01 -9.589082e+00 -3.228171e+01)	(1.249822e+01 1.892384e+01 3.224566e+01)
3.442211e-02	propellerTip	(-1.257187e+01 -9.582626e+00 -3.227591e+01)	(1.249926e+01 1.891992e+01 3.224150e+01)
3.449397e-02	propellerTip	(-1.257370e+01 -9.575954e+00 -3.226960e+01)	(1.249974e+01 1.891553e+01 3.223676e+01)
3.456589e-02	propellerTip	(-1.257504e+01 -9.569055e+00 -3.226284e+01)	(1.249965e+01 1.891061e+01 3.223150e+01)
3.463785e-02	propellerTip	(-1.257593e+01 -9.561931e+00 -3.225565e+01)	(1.249901e+01 1.890512e+01 3.222574e+01)
3.470981e-02	propellerTip	(-1.257643e+01 -9.554612e+00 -3.224805e+01)	(1.249789e+01 1.889912e+01 3.221950e+01)
3.478177e-02	propellerTip	(-1.257655e+01 -9.547160e+00 -3.224010e+01)	(1.249633e+01 1.889263e+01 3.221276e+01)
3.485368e-02	propellerTip	(-1.257632e+01 -9.539540e+00 -3.223182e+01)	(1.249440e+01 1.888571e+01 3.220556e+01)
3.492555e-02	propellerTip	(-1.257577e+01 -9.531846e+00 -3.222325e+01)	(1.249216e+01 1.887845e+01 3.219786e+01)
3.499736e-02	propellerTip	(-1.257492e+01 -9.524102e+00 -3.221442e+01)	(1.248967e+01 1.887092e+01 3.218967e+01)
3.506913e-02	propellerTip	(-1.257380e+01 -9.516330e+00 -3.220536e+01)	(1.248700e+01 1.886321e+01 3.218101e+01)
3.514087e-02	propellerTip	(-1.257241e+01 -9.508556e+00 -3.219607e+01)	(1.248420e+01 1.885539e+01 3.217191e+01)
3.521262e-02	propellerTip	(-1.257074e+01 -9.500789e+00 -3.218659e+01)	(1.248125e+01 1.884751e+01 3.216248e+01)
3.528440e-02	propellerTip	(-1.256880e+01 -9.493023e+00 -3.217700e+01)	(1.247819e+01 1.883968e+01 3.215286e+01)
3.535624e-02	propellerTip	(-1.256658e+01 -9.485223e+00 -3.216740e+01)	(1.247494e+01 1.883194e+01 3.214316e+01)
3.542813e-02	propellerTip	(-1.256405e+01 -9.477111e+00 -3.215783e+01)	(1.247144e+01 1.882424e+01 3.213349e+01)
3.550006e-02	propellerTip	(-1.256123e+01 -9.468868e+00 -3.214836e+01)	(1.246766e+01 1.881655e+01 3.212392e+01)
3.557201e-02	propellerTip	(-1.255808e+01 -9.460569e+00 -3.213907e+01)	(1.246356e+01 1.880890e+01 3.211451e+01)
3.564395e-02	propellerTip	(-1.255464e+01 -9.452245e+00 -3.212998e+01)	(1.245918e+01 1.880123e+01 3.210525e+01)
3.571585e-02	propellerTip	(-1.255088e+01 -9.443935e+00 -3.212113e+01)	(1.245454e+01 1.879361e+01 3.209619e+01)
3.578770e-02	propellerTip	(-1.254684e+01 -9.435645e+00 -3.211255e+01)	(1.244971e+01 1.878610e+01 3.208729e+01)
3.585948e-02	propellerTip	(-1.254256e+01 -9.427416e+00 -3.210428e+01)	(1.244471e+01 1.877885e+01 3.207855e+01)
3.593119e-02	propellerTip	(-1.253811e+01 -9.419299e+00 -3.209630e+01)	(1.243963e+01 1.877193e+01 3.206997e+01)
3.600285e-02	propellerTip	(-1.253357e+01 -9.411303e+00 -3.208860e+01)	(1.243446e+01 1.876547e+01 3.206157e+01)
3.607448e-02	propellerTip	(-1.252901e+01 -9.403437e+00 -3.208113e+01)	(1.242922e+01 1.875956e+01 3.205333e+01)
3.614612e-02	propellerTip	(-1.252448e+01 -9.395689e+00 -3.207390e+01)	(1.242397e+01 1.875423e+01 3.204527e+01)
3.621779e-02	propellerTip	(-1.252006e+01 -9.388014e+00 -3.206690e+01)	(1.241872e+01 1.874955e+01 3.203750e+01)
3.628950e-02	propellerTip	(-1.251580e+01 -9.380384e+00 -3.206015e+01)	(1.241353e+01 1.874549e+01 3.203016e+01)
3.636126e-02	propellerTip	(-1.251176e+01 -9.372775e+00 -3.205370e+01)	(1.240841e+01 1.874201e+01 3.202333e+01)
3.643305e-02	propellerTip	(-1.250793e+01 -9.365251e+00 -3.204755e+01)	(1.240338e+01 1.873894e+01 3.201706e+01)
3.650484e-02	propellerTip	(-1.250430e+01 -9.358047e+00 -3.204173e+01)	(1.239842e+01 1.873619e+01 3.201137e+01)
3.657661e-02	propellerTip	(-1.250085e+01 -9.351048e+00 -3.203624e+01)	(1.239357e+01 1.873365e+01 3.200623e+01)
3.664833e-02	propellerTip	(-1.249753e+01 -9.344178e+00 -3.203106e+01)	(1.238888e+01 1.873130e+01 3.200159e+01)
3.671999e-02	propellerTip	(-1.249429e+01 -9.337436e+00 -3.202619e+01)	(1.238438e+01 1.872909e+01 3.199742e+01)
3.679158e-02	propellerTip	(-1.249115e+01 -9.330841e+00 -3.202166e+01)	(1.238012e+01 1.872709e+01 3.199368e+01)
3.686311e-02	propellerTip	(-1.248811e+01 -9.324416e+00 -3.201750e+01)	(1.237612e+01 1.872536e+01 3.199033e+01)
3.693460e-02	propellerTip	(-1.248510e+01 -9.318145e+00 -3.201378e+01)	(1.237238e+01 1.872396e+01 3.198736e+01)
3.700608e-02	propellerTip	(-1.248207e+01 -9.312025e+00 -3.201052e+01)	(1.236888e+01 1.872303e+01 3.198476e+01)
3.707758e-02	propellerTip	(-1.247902e+01 -9.306009e+00 -3.200781e+01)	(1.236560e+01 1.872268e+01 3.198261e+01)
3.714912e-02	propellerTip	(-1.247590e+01 -9.300083e+00 -3.200566e+01)	(1.236249e+01 1.872291e+01 3.198091e+01)
3.722072e-02	propellerTip	(-1.247271e+01 -9.294266e+00 -3.200412e+01)	(1.235955e+01 1.872367e+01 3.197971e+01)
3.729236e-02	propellerTip	(-1.246945e+01 -9.288523e+00 -3.200326e+01)	(1.235677e+01 1.872491e+01 3.197907e+01)
3.736401e-02	propellerTip	(-1.246614e+01 -9.282888e+00 -3.200311e+01)	(1.235416e+01 1.872654e+01 3.197903e+01)
3.743566e-02	propellerTip	(-1.246280e+01 -9.277396e+00 -3.200366e+01)	(1.235175e+01 1.872854e+01 3.197958e+01)
3.750727e-02	propellerTip	(-1.245944e+01 -9.272045e+00 -3.200492e+01)	(1.234958e+01 1.873095e+01 3.198074e+01)
3.757884e-02	propellerTip	(-1.245609e+01 -9.266810e+00 -3.200685e+01)	(1.234762e+01 1.873385e+01 3.198248e+01)
3.765035e-02	propellerTip	(-1.245276e+01 -9.261647e+00 -3.200941e+01)	(1.234588e+01 1.873720e+01 3.198476e+01)
3.772180e-02	propellerTip	(-1.244951e+01 -9.256580e+00 -3.201254e+01)	(1.234439e+01 1.874108e+01 3.198756e+01)
3.779321e-02	propellerTip	(-1.244640e+01 -9.251626e+00 -3.201622e+01)	(1.234317e+01 1.874560e+01 3.199087e+01)
3.786461e-02	propellerTip	(-1.244341e+01 -9.246800e+00 -3.202044e+01)	(1.234219e+01 1.875083e+01 3.199464e+01)
3.793602e-02	propellerTip	(-1.244050e+01 -9.242060e+00 -3.202515e+01)	(1.234145e+01 1.875666e+01 3.199888e+01)
3.800748e-02	propellerTip	(-1.243771e+01 -9.237390e+00 -3.203029e+01)	(1.234099e+01 1.876314e+01 3.200355e+01)
3.807902e-02	propellerTip	(-1.243507e+01 -9.232748e+00 -3.203585e+01)	(1.234080e+01 1.877033e+01 3.200862e+01)
3.815064e-02	propellerTip	(-1.243264e+01 -9.228100e+00 -3.204179e+01)	(1.234088e+01 1.877810e+01 3.201408e+01)
3.822235e-02	propellerTip	(-1.243038e+01 -9.223409e+00 -3.204806e+01)	(1.234120e+01 1.878629e+01 3.201992e+01)
3.829411e-02	propellerTip	(-1.242832e+01 -9.218678e+00 -3.205463e+01)	(1.234177e+01 1.879480e+01 3.202612e+01)
3.836590e-02	propellerTip	(-1.242649e+01 -9.213961e+00 -3.206144e+01)	(1.234259e+01 1.880352e+01 3.203262e+01)
3.843769e-02	propellerTip	(-1.242489e+01 -9.209205e+00 -3.206839e+01)	(1.234369e+01 1.881236e+01 3.203936e+01)
3.850947e-02	propellerTip	(-1.242351e+01 -9.204407e+00 -3.207541e+01)	(1.234503e+01 1.882130e+01 3.204627e+01)
3.858121e-02	propellerTip	(-1.242240e+01 -9.199480e+00 -3.208243e+01)	(1.234664e+01 1.883036e+01 3.205327e+01)
3.865291e-02	propellerTip	(-1.242160e+01 -9.194579e+00 -3.208936e+01)	(1.234855e+01 1.883928e+01 3.206029e+01)
3.872457e-02	propellerTip	(-1.242102e+01 -9.189741e+00 -3.209615e+01)	(1.235066e+01 1.884811e+01 3.206729e+01)
3.879622e-02	propellerTip	(-1.242059e+01 -9.184958e+00 -3.210276e+01)	(1.235297e+01 1.885698e+01 3.207423e+01)
3.886786e-02	propellerTip	(-1.242027e+01 -9.180162e+00 -3.210917e+01)	(1.235544e+01 1.886600e+01 3.208105e+01)
3.893953e-02	propellerTip	(-1.242005e+01 -9.175522e+00 -3.211535e+01)	(1.235803e+01 1.887508e+01 3.208769e+01)
3.901125e-02	propellerTip	(-1.241989e+01 -9.171031e+00 -3.212129e+01)	(1.236068e+01 1.888418e+01 3.209412e+01)
3.908302e-02	propellerTip	(-1.241974e+01 -9.166578e+00 -3.212697e+01)	(1.236337e+01 1.889315e+01 3.210034e+01)
3.915486e-02	propellerTip	(-1.241953e+01 -9.162069e+00 -3.213238e+01)	(1.236609e+01 1.890190e+01 3.210635e+01)
3.922673e-02	propellerTip	(-1.241921e+01 -9.157487e+00 -3.213754e+01)	(1.236879e+01 1.891202e+01 3.211215e+01)
3.929864e-02	propellerTip	(-1.241877e+01 -9.152874e+00 -3.214244e+01)	(1.237141e+01 1.892168e+01 3.211774e+01)
3.937055e-02	propellerTip	(-1.241818e+01 -9.148293e+00 -3.214706e+01)	(1.237388e+01 1.893098e+01 3.212316e+01)
3.944246e-02	propellerTip	(-1.241747e+01 -9.143754e+00 -3.215140e+01)	(1.237624e+01 1.893991e+01 3.212843e+01)
3.951435e-02	propellerTip	(-1.241654e+01 -9.139245e+00 -3.215548e+01)	(1.237843e+01 1.894827e+01 3.213343e+01)
3.958621e-02	propellerTip	(-1.241541e+01 -9.134789e+00 -3.215944e+01)	(1.238044e+01 1.895631e+01 3.213820e+01)
3.965806e-02	propellerTip	(-1.241413e+01 -9.130415e+00 -3.216320e+01)	(1.238230e+01 1.896412e+01 3.214270e+01)
3.972989e-02	propellerTip	(-1.241273e+01 -9.126132e+00 -3.216670e+01)	(1.238400e+01 1.897172e+01 3.214691e+01)
3.980173e-02	propellerTip	(-1.241121e+01 -9.121951e+00 -3.216987e+01)	(1.238554e+01 1.897918e+01 3.215082e+01)
3.987360e-02	propellerTip	(-1.240962e+01 -9.117879e+00 -3.217274e+01)	(1.238691e+01 1.898647e+01 3.215447e+01)
3.994551e-02	propellerTip	(-1.240799e+01 -9.113915e+00 -3.217538e+01)	(1.238810e+01 1.899364e+01 3.215789e+01)
4.001747e-02	propellerTip	(-1.240630e+01 -9.110042e+00 -3.217786e+01)	(1.238909e+01 1.900072e+01 3.216117e+01)
4.008947e-02	propellerTip	(-1.240453e+01 -9.106247e+00 -3.218012e+01)	(1.238985e+01 1.900745e+01 3.216424e+01)
4.016151e-02	propellerTip	(-1.240271e+01 -9.102521e+00 -3.218212e+01)	(1.239039e+01 1.901374e+01 3.216706e+01)
4.023355e-02	propellerTip	(-1.240085e+01 -9.098892e+00 -3.218386e+01)	(1.239076e+01 1.901951e+01 3.216961e+01)
4.030560e-02	propellerTip	(-1.239898e+01 -9.095350e+00 -3.218531e+01)	(1.239097e+01 1.902489e+01 3.217192e+01)
4.037762e-02	propellerTip	(-1.239714e+01 -9.091912e+00 -3.218643e+01)	(1.239102e+01 1.902955e+01 3.217384e+01)
4.044962e-02	propellerTip	(-1.239534e+01 -9.088578e+00 -3.218718e+01)	(1.239092e+01 1.903351e+01 3.217522e+01)
4.052157e-02	propellerTip	(-1.239358e+01 -9.085373e+00 -3.218752e+01)	(1.239072e+01 1.903701e+01 3.217620e+01)
4.059349e-02	propellerTip	(-1.239187e+01 -9.082303e+00 -3.218728e+01)	(1.239046e+01 1.904001e+01 3.217679e+01)
4.066538e-02	propellerTip	(-1.239019e+01 -9.079295e+00 -3.218663e+01)	(1.239014e+01 1.904264e+01 3.217694e+01)
4.073727e-02	propellerTip	(-1.238859e+01 -9.076610e+00 -3.218558e+01)	(1.238977e+01 1.904482e+01 3.217666e+01)
4.080915e-02	propellerTip	(-1.238703e+01 -9.074087e+00 -3.218411e+01)	(1.238933e+01 1.904657e+01 3.217591e+01)
4.088106e-02	propellerTip	(-1.238550e+01 -9.071715e+00 -3.218223e+01)	(1.238883e+01 1.904784e+01 3.217470e+01)
4.095300e-02	propellerTip	(-1.238399e+01 -9.069482e+00 -3.217996e+01)	(1.238830e+01 1.904869e+01 3.217307e+01)
4.102497e-02	propellerTip	(-1.238248e+01 -9.067378e+00 -3.217732e+01)	(1.238769e+01 1.904904e+01 3.217106e+01)
4.109694e-02	propellerTip	(-1.238100e+01 -9.065390e+00 -3.217437e+01)	(1.238703e+01 1.904896e+01 3.216878e+01)
4.116892e-02	propellerTip	(-1.237952e+01 -9.063520e+00 -3.217111e+01)	(1.238635e+01 1.904834e+01 3.216623e+01)
4.124089e-02	propellerTip	(-1.237804e+01 -9.061767e+00 -3.216757e+01)	(1.238561e+01 1.904722e+01 3.216340e+01)
4.131283e-02	propellerTip	(-1.237655e+01 -9.060132e+00 -3.216374e+01)	(1.238482e+01 1.904560e+01 3.216030e+01)
4.138473e-02	propellerTip	(-1.237506e+01 -9.058622e+00 -3.215964e+01)	(1.238394e+01 1.904354e+01 3.215697e+01)
4.145660e-02	propellerTip	(-1.237357e+01 -9.057236e+00 -3.215534e+01)	(1.238300e+01 1.904108e+01 3.215337e+01)
4.152842e-02	propellerTip	(-1.237208e+01 -9.055981e+00 -3.215079e+01)	(1.238202e+01 1.903826e+01 3.214950e+01)
4.160022e-02	propellerTip	(-1.237057e+01 -9.054862e+00 -3.214602e+01)	(1.238100e+01 1.903509e+01 3.214533e+01)
4.167199e-02	propellerTip	(-1.236909e+01 -9.053917e+00 -3.214107e+01)	(1.238000e+01 1.903179e+01 3.214090e+01)
4.174377e-02	propellerTip	(-1.236763e+01 -9.053097e+00 -3.213595e+01)	(1.237902e+01 1.902915e+01 3.213624e+01)
4.181555e-02	propellerTip	(-1.236622e+01 -9.052389e+00 -3.213069e+01)	(1.237805e+01 1.902639e+01 3.213142e+01)
4.188734e-02	propellerTip	(-1.236485e+01 -9.051780e+00 -3.212535e+01)	(1.237709e+01 1.902356e+01 3.212649e+01)
4.195915e-02	propellerTip	(-1.236349e+01 -9.051250e+00 -3.211994e+01)	(1.237613e+01 1.902062e+01 3.212150e+01)
4.203097e-02	propellerTip	(-1.236217e+01 -9.050780e+00 -3.211451e+01)	(1.237519e+01 1.901751e+01 3.211654e+01)
4.210278e-02	propellerTip	(-1.236091e+01 -9.050362e+00 -3.210907e+01)	(1.237429e+01 1.901424e+01 3.211163e+01)
4.217458e-02	propellerTip	(-1.235968e+01 -9.049989e+00 -3.210365e+01)	(1.237343e+01 1.901083e+01 3.210680e+01)
4.224636e-02	propellerTip	(-1.235847e+01 -9.049648e+00 -3.209823e+01)	(1.237260e+01 1.900725e+01 3.210208e+01)
4.231810e-02	propellerTip	(-1.235730e+01 -9.049349e+00 -3.209287e+01)	(1.237182e+01 1.900357e+01 3.209753e+01)
4.238981e-02	propellerTip	(-1.235617e+01 -9.049087e+00 -3.208758e+01)	(1.237115e+01 1.899984e+01 3.209316e+01)
4.246149e-02	propellerTip	(-1.235506e+01 -9.048855e+00 -3.208236e+01)	(1.237063e+01 1.899612e+01 3.208894e+01)
4.253314e-02	propellerTip	(-1.235401e+01 -9.048648e+00 -3.207723e+01)	(1.237030e+01 1.899243e+01 3.208487e+01)
4.260478e-02	propellerTip	(-1.235301e+01 -9.048465e+00 -3.207223e+01)	(1.237020e+01 1.898879e+01 3.208094e+01)
4.267641e-02	propellerTip	(-1.235203e+01 -9.048294e+00 -3.206735e+01)	(1.237036e+01 1.898524e+01 3.207713e+01)
4.274805e-02	propellerTip	(-1.235105e+01 -9.048122e+00 -3.206262e+01)	(1.237076e+01 1.898184e+01 3.207344e+01)
4.281970e-02	propellerTip	(-1.235008e+01 -9.047930e+00 -3.205811e+01)	(1.237143e+01 1.897861e+01 3.206987e+01)
4.289138e-02	propellerTip	(-1.234912e+01 -9.047704e+00 -3.205384e+01)	(1.237234e+01 1.897556e+01 3.206641e+01)
4.296307e-02	propellerTip	(-1.234817e+01 -9.047428e+00 -3.204983e+01)	(1.237349e+01 1.897274e+01 3.206305e+01)
4.303476e-02	propellerTip	(-1.234723e+01 -9.047090e+00 -3.204609e+01)	(1.237487e+01 1.897130e+01 3.205978e+01)
4.310646e-02	propellerTip	(-1.234633e+01 -9.046683e+00 -3.204262e+01)	(1.237647e+01 1.897014e+01 3.205659e+01)
4.317815e-02	propellerTip	(-1.234553e+01 -9.046203e+00 -3.203940e+01)	(1.237830e+01 1.896907e+01 3.205348e+01)
4.324983e-02	propellerTip	(-1.234487e+01 -9.045648e+00 -3.203641e+01)	(1.238033e+01 1.896809e+01 3.205042e+01)
4.332150e-02	propellerTip	(-1.234435e+01 -9.045016e+00 -3.203356e+01)	(1.238256e+01 1.896725e+01 3.204740e+01)
4.339314e-02	propellerTip	(-1.234402e+01 -9.044310e+00 -3.203089e+01)	(1.238497e+01 1.896648e+01 3.204441e+01)
4.346477e-02	propellerTip	(-1.234390e+01 -9.043530e+00 -3.202833e+01)	(1.238754e+01 1.896584e+01 3.204145e+01)
4.353640e-02	propellerTip	(-1.234400e+01 -9.042678e+00 -3.202585e+01)	(1.239026e+01 1.896531e+01 3.203851e+01)
4.360802e-02	propellerTip	(-1.234433e+01 -9.041750e+00 -3.202341e+01)	(1.239312e+01 1.896492e+01 3.203557e+01)
4.367966e-02	propellerTip	(-1.234487e+01 -9.040741e+00 -3.202099e+01)	(1.239611e+01 1.896468e+01 3.203267e+01)
4.375132e-02	propellerTip	(-1.234560e+01 -9.039636e+00 -3.201858e+01)	(1.239918e+01 1.896430e+01 3.202959e+01)
4.382299e-02	propellerTip	(-1.234653e+01 -9.038433e+00 -3.201617e+01)	(1.240234e+01 1.896419e+01 3.202656e+01)
4.389469e-02	propellerTip	(-1.234761e+01 -9.037129e+00 -3.201374e+01)	(1.240553e+01 1.896419e+01 3.202363e+01)
4.396640e-02	propellerTip	(-1.234884e+01 -9.035720e+00 -3.201131e+01)	(1.240871e+01 1.896423e+01 3.202078e+01)
4.403813e-02	propellerTip	(-1.235019e+01 -9.034206e+00 -3.200885e+01)	(1.241182e+01 1.896428e+01 3.201805e+01)
4.410987e-02	propellerTip	(-1.235165e+01 -9.032590e+00 -3.200636e+01)	(1.241482e+01 1.896433e+01 3.201545e+01)
4.418161e-02	propellerTip	(-1.235321e+01 -9.030870e+00 -3.200384e+01)	(1.241767e+01 1.896440e+01 3.201301e+01)
4.425335e-02	propellerTip	(-1.235484e+01 -9.029053e+00 -3.200130e+01)	(1.242032e+01 1.896496e+01 3.201074e+01)
4.432509e-02	propellerTip	(-1.235653e+01 -9.027148e+00 -3.199873e+01)	(1.242274e+01 1.896573e+01 3.200867e+01)
4.439684e-02	propellerTip	(-1.235827e+01 -9.025158e+00 -3.199607e+01)	(1.242495e+01 1.896642e+01 3.200679e+01)
4.446858e-02	propellerTip	(-1.236004e+01 -9.023091e+00 -3.199326e+01)	(1.242692e+01 1.896712e+01 3.200511e+01)
4.454032e-02	propellerTip	(-1.236184e+01 -9.020950e+00 -3.199043e+01)	(1.242866e+01 1.896787e+01 3.200361e+01)
4.461208e-02	propellerTip	(-1.236363e+01 -9.018739e+00 -3.198757e+01)	(1.243020e+01 1.896867e+01 3.200230e+01)
4.468385e-02	propellerTip	(-1.236538e+01 -9.016463e+00 -3.198471e+01)	(1.243155e+01 1.896944e+01 3.200115e+01)
4.475563e-02	propellerTip	(-1.236705e+01 -9.014124e+00 -3.198186e+01)	(1.243272e+01 1.897015e+01 3.200014e+01)
4.482743e-02	propellerTip	(-1.236858e+01 -9.011723e+00 -3.197903e+01)	(1.243374e+01 1.897077e+01 3.199927e+01)
4.489924e-02	propellerTip	(-1.236994e+01 -9.009317e+00 -3.197625e+01)	(1.243465e+01 1.897131e+01 3.199851e+01)
4.497107e-02	propellerTip	(-1.237110e+01 -9.006923e+00 -3.197357e+01)	(1.243544e+01 1.897179e+01 3.199785e+01)
4.504290e-02	propellerTip	(-1.237203e+01 -9.004516e+00 -3.197100e+01)	(1.243613e+01 1.897314e+01 3.199728e+01)
4.511474e-02	propellerTip	(-1.237273e+01 -9.002067e+00 -3.196855e+01)	(1.243674e+01 1.897455e+01 3.199676e+01)
4.518659e-02	propellerTip	(-1.237321e+01 -8.999585e+00 -3.196623e+01)	(1.243727e+01 1.897598e+01 3.199628e+01)
4.525843e-02	propellerTip	(-1.237349e+01 -8.997079e+00 -3.196407e+01)	(1.243772e+01 1.897739e+01 3.199581e+01)
4.533028e-02	propellerTip	(-1.237357e+01 -8.994558e+00 -3.196203e+01)	(1.243810e+01 1.897878e+01 3.199535e+01)
4.540213e-02	propellerTip	(-1.237350e+01 -8.992033e+00 -3.196014e+01)	(1.243836e+01 1.898018e+01 3.199494e+01)
4.547398e-02	propellerTip	(-1.237330e+01 -8.989511e+00 -3.195836e+01)	(1.243850e+01 1.898157e+01 3.199458e+01)
4.554584e-02	propellerTip	(-1.237299e+01 -8.986996e+00 -3.195669e+01)	(1.243851e+01 1.898294e+01 3.199425e+01)
4.561770e-02	propellerTip	(-1.237262e+01 -8.984495e+00 -3.195511e+01)	(1.243837e+01 1.898424e+01 3.199394e+01)
4.568956e-02	propellerTip	(-1.237219e+01 -8.982015e+00 -3.195361e+01)	(1.243806e+01 1.898548e+01 3.199367e+01)
4.576143e-02	propellerTip	(-1.237173e+01 -8.979558e+00 -3.195217e+01)	(1.243756e+01 1.898664e+01 3.199345e+01)
4.583330e-02	propellerTip	(-1.237126e+01 -8.977135e+00 -3.195079e+01)	(1.243688e+01 1.898772e+01 3.199329e+01)
4.590517e-02	propellerTip	(-1.237080e+01 -8.974756e+00 -3.194945e+01)	(1.243599e+01 1.898874e+01 3.199322e+01)
4.597705e-02	propellerTip	(-1.237035e+01 -8.972424e+00 -3.194816e+01)	(1.243489e+01 1.898970e+01 3.199325e+01)
4.604891e-02	propellerTip	(-1.236993e+01 -8.970148e+00 -3.194689e+01)	(1.243359e+01 1.899060e+01 3.199340e+01)
4.612078e-02	propellerTip	(-1.236954e+01 -8.967930e+00 -3.194566e+01)	(1.243206e+01 1.899143e+01 3.199371e+01)
4.619263e-02	propellerTip	(-1.236918e+01 -8.965772e+00 -3.194445e+01)	(1.243034e+01 1.899236e+01 3.199419e+01)
4.626448e-02	propellerTip	(-1.236885e+01 -8.963680e+00 -3.194327e+01)	(1.242853e+01 1.899351e+01 3.199479e+01)
4.633633e-02	propellerTip	(-1.236855e+01 -8.961656e+00 -3.194212e+01)	(1.242671e+01 1.899487e+01 3.199547e+01)
4.640816e-02	propellerTip	(-1.236829e+01 -8.959699e+00 -3.194099e+01)	(1.242496e+01 1.899632e+01 3.199613e+01)
4.647999e-02	propellerTip	(-1.236805e+01 -8.957813e+00 -3.193989e+01)	(1.242331e+01 1.899783e+01 3.199675e+01)
4.655181e-02	propellerTip	(-1.236785e+01 -8.956003e+00 -3.193883e+01)	(1.242179e+01 1.899939e+01 3.199732e+01)
4.662362e-02	propellerTip	(-1.236768e+01 -8.954267e+00 -3.193783e+01)	(1.242044e+01 1.900100e+01 3.199784e+01)
4.669542e-02	propellerTip	(-1.236754e+01 -8.952602e+00 -3.193688e+01)	(1.241925e+01 1.900261e+01 3.199829e+01)
4.676722e-02	propellerTip	(-1.236743e+01 -8.951009e+00 -3.193599e+01)	(1.241820e+01 1.900418e+01 3.199868e+01)
4.683901e-02	propellerTip	(-1.236734e+01 -8.949490e+00 -3.193515e+01)	(1.241729e+01 1.900567e+01 3.199899e+01)
4.691078e-02	propellerTip	(-1.236728e+01 -8.948058e+00 -3.193438e+01)	(1.241648e+01 1.900706e+01 3.199924e+01)
4.698255e-02	propellerTip	(-1.236724e+01 -8.946716e+00 -3.193369e+01)	(1.241575e+01 1.900834e+01 3.199943e+01)
4.705430e-02	propellerTip	(-1.236723e+01 -8.945467e+00 -3.193308e+01)	(1.241508e+01 1.900949e+01 3.199958e+01)
4.712605e-02	propellerTip	(-1.236723e+01 -8.944309e+00 -3.193255e+01)	(1.241443e+01 1.901051e+01 3.199970e+01)
4.719778e-02	propellerTip	(-1.236727e+01 -8.943243e+00 -3.193213e+01)	(1.241379e+01 1.901138e+01 3.199980e+01)
4.726950e-02	propellerTip	(-1.236733e+01 -8.942259e+00 -3.193181e+01)	(1.241312e+01 1.901213e+01 3.199992e+01)
4.734120e-02	propellerTip	(-1.236740e+01 -8.941356e+00 -3.193158e+01)	(1.241242e+01 1.901278e+01 3.200008e+01)
4.741290e-02	propellerTip	(-1.236750e+01 -8.940534e+00 -3.193143e+01)	(1.241167e+01 1.901334e+01 3.200030e+01)
4.748459e-02	propellerTip	(-1.236760e+01 -8.939786e+00 -3.193138e+01)	(1.241086e+01 1.901381e+01 3.200060e+01)
4.755626e-02	propellerTip	(-1.236770e+01 -8.939102e+00 -3.193141e+01)	(1.240999e+01 1.901425e+01 3.200099e+01)
4.762793e-02	propellerTip	(-1.236780e+01 -8.938479e+00 -3.193153e+01)	(1.240906e+01 1.901467e+01 3.200150e+01)
4.769959e-02	propellerTip	(-1.236790e+01 -8.937910e+00 -3.193173e+01)	(1.240806e+01 1.901507e+01 3.200214e+01)
4.777124e-02	propellerTip	(-1.236799e+01 -8.937389e+00 -3.193202e+01)	(1.240700e+01 1.901548e+01 3.200291e+01)
4.784288e-02	propellerTip	(-1.236806e+01 -8.936911e+00 -3.193237e+01)	(1.240589e+01 1.901591e+01 3.200384e+01)
4.791451e-02	propellerTip	(-1.236810e+01 -8.936470e+00 -3.193278e+01)	(1.240473e+01 1.901638e+01 3.200492e+01)
4.798614e-02	propellerTip	(-1.236812e+01 -8.936064e+00 -3.193325e+01)	(1.240353e+01 1.901689e+01 3.200616e+01)
4.805776e-02	propellerTip	(-1.236811e+01 -8.935686e+00 -3.193379e+01)	(1.240229e+01 1.901745e+01 3.200754e+01)
4.812938e-02	propellerTip	(-1.236805e+01 -8.935330e+00 -3.193440e+01)	(1.240102e+01 1.901807e+01 3.200908e+01)
4.820099e-02	propellerTip	(-1.236796e+01 -8.934994e+00 -3.193506e+01)	(1.239973e+01 1.901876e+01 3.201076e+01)
4.827259e-02	propellerTip	(-1.236781e+01 -8.934671e+00 -3.193578e+01)	(1.239842e+01 1.901952e+01 3.201259e+01)
4.834419e-02	propellerTip	(-1.236761e+01 -8.934353e+00 -3.193656e+01)	(1.239709e+01 1.902034e+01 3.201454e+01)
4.841579e-02	propellerTip	(-1.236735e+01 -8.934036e+00 -3.193739e+01)	(1.239575e+01 1.902123e+01 3.201662e+01)
4.848739e-02	propellerTip	(-1.236704e+01 -8.933715e+00 -3.193829e+01)	(1.239439e+01 1.902218e+01 3.201881e+01)
4.855899e-02	propellerTip	(-1.236666e+01 -8.933387e+00 -3.193924e+01)	(1.239304e+01 1.902320e+01 3.202111e+01)
4.863058e-02	propellerTip	(-1.236622e+01 -8.933041e+00 -3.194024e+01)	(1.239167e+01 1.902427e+01 3.202350e+01)
4.870218e-02	propellerTip	(-1.236572e+01 -8.932677e+00 -3.194130e+01)	(1.239031e+01 1.902530e+01 3.202591e+01)
4.877378e-02	propellerTip	(-1.236517e+01 -8.932289e+00 -3.194239e+01)	(1.238893e+01 1.902640e+01 3.202834e+01)
4.884538e-02	propellerTip	(-1.236457e+01 -8.931871e+00 -3.194353e+01)	(1.238756e+01 1.902756e+01 3.203083e+01)
4.891699e-02	propellerTip	(-1.236390e+01 -8.931420e+00 -3.194469e+01)	(1.238617e+01 1.902880e+01 3.203334e+01)
4.898859e-02	propellerTip	(-1.236321e+01 -8.930938e+00 -3.194588e+01)	(1.238478e+01 1.903007e+01 3.203589e+01)
4.906021e-02	propellerTip	(-1.236247e+01 -8.930422e+00 -3.194709e+01)	(1.238339e+01 1.903137e+01 3.203846e+01)
4.913182e-02	propellerTip	(-1.236172e+01 -8.929866e+00 -3.194831e+01)	(1.238199e+01 1.903272e+01 3.204105e+01)
4.920344e-02	propellerTip	(-1.236095e+01 -8.929268e+00 -3.194954e+01)	(1.238060e+01 1.903413e+01 3.204366e+01)
4.927507e-02	propellerTip	(-1.236017e+01 -8.928627e+00 -3.195076e+01)	(1.237920e+01 1.903561e+01 3.204629e+01)
4.934671e-02	propellerTip	(-1.235939e+01 -8.927942e+00 -3.195197e+01)	(1.237780e+01 1.903716e+01 3.204893e+01)
