# Residuals   
# Time        	p             	Ux            	Uy            	Uz            	k             
0             	N/A           	N/A           	N/A           	N/A           	N/A           
4.95555e-05   	2.753089e-02	1.004417e-02	3.468274e-04	1.142527e-02	9.019134e-05
9.65949e-05   	1.529839e-02	9.128820e-03	3.276490e-04	1.014768e-02	8.709972e-05
0.000148559   	1.241858e-02	8.637959e-03	3.429563e-04	9.508387e-03	9.187732e-05
0.000204734   	9.979936e-03	7.954008e-03	3.561972e-04	8.633908e-03	9.523713e-05
0.000263291   	8.174333e-03	7.192635e-03	3.664533e-04	7.707982e-03	9.697286e-05
0.000323826   	7.616684e-03	6.654692e-03	3.854604e-04	7.051790e-03	1.005910e-04
0.000386333   	6.698867e-03	6.183489e-03	4.051295e-04	6.473804e-03	1.040178e-04
0.000450692   	6.190724e-03	5.806668e-03	4.280894e-04	6.010798e-03	1.072229e-04
0.000516493   	6.079378e-03	5.426143e-03	4.460056e-04	5.548663e-03	1.079360e-04
0.000582279   	6.004593e-03	5.002272e-03	4.538255e-04	5.036858e-03	1.054607e-04
0.000646827   	6.113462e-03	4.605370e-03	4.570822e-04	4.560245e-03	1.010995e-04
0.000710045   	5.706086e-03	4.279699e-03	4.601397e-04	4.154865e-03	9.676250e-05
0.000772102   	5.829111e-03	4.041654e-03	4.647634e-04	3.829610e-03	9.229425e-05
0.000833109   	5.377417e-03	3.804272e-03	4.662302e-04	3.522862e-03	8.832727e-05
0.000893273   	5.232503e-03	3.630840e-03	4.698175e-04	3.283629e-03	8.462090e-05
0.000952873   	5.496031e-03	3.494066e-03	4.740475e-04	3.082869e-03	8.135691e-05
0.00101195    	5.284188e-03	3.356933e-03	4.751942e-04	2.887869e-03	7.807648e-05
0.00107026    	5.292887e-03	3.227093e-03	4.742698e-04	2.701404e-03	7.457498e-05
0.00112733    	4.933100e-03	3.092006e-03	4.679331e-04	2.515306e-03	7.101827e-05
0.00118392    	4.890744e-03	3.007178e-03	4.676179e-04	2.380512e-03	6.888374e-05
0.00123999    	4.693190e-03	2.919562e-03	4.639708e-04	2.249551e-03	6.656917e-05
0.00129571    	4.967593e-03	2.854739e-03	4.614323e-04	2.152046e-03	6.462370e-05
0.00135144    	4.810757e-03	2.810012e-03	4.613165e-04	2.079563e-03	6.329755e-05
0.00140754    	4.799107e-03	2.778217e-03	4.624072e-04	2.030024e-03	6.209782e-05
0.00146419    	4.726488e-03	2.752238e-03	4.640301e-04	1.989908e-03	6.092812e-05
0.0015212     	4.724623e-03	2.709037e-03	4.620497e-04	1.938540e-03	5.950049e-05
0.00157846    	4.434027e-03	2.672402e-03	4.607888e-04	1.889692e-03	5.811207e-05
0.0016364     	4.720850e-03	2.673118e-03	4.667530e-04	1.870447e-03	5.773280e-05
0.00169562    	4.779222e-03	2.653091e-03	4.684892e-04	1.834028e-03	5.699620e-05
0.00175468    	4.537407e-03	2.592481e-03	4.623798e-04	1.769210e-03	5.537654e-05
0.00181401    	4.571504e-03	2.562447e-03	4.626429e-04	1.732784e-03	5.444875e-05
0.0018738     	4.647496e-03	2.537330e-03	4.621727e-04	1.696109e-03	5.390842e-05
0.00193411    	4.568968e-03	2.524625e-03	4.617736e-04	1.662786e-03	5.323738e-05
0.00199484    	4.515292e-03	2.520245e-03	4.601131e-04	1.628400e-03	5.235360e-05
0.00205592    	4.433508e-03	2.520174e-03	4.571212e-04	1.597355e-03	5.148808e-05
0.00211735    	4.474803e-03	2.535048e-03	4.548611e-04	1.575130e-03	5.050793e-05
0.00217911    	4.320911e-03	2.544028e-03	4.512630e-04	1.558873e-03	4.969875e-05
0.0022412     	4.596524e-03	2.545928e-03	4.495131e-04	1.550776e-03	4.898998e-05
0.00230359    	4.583339e-03	2.535315e-03	4.462149e-04	1.545465e-03	4.820788e-05
0.00236617    	4.380638e-03	2.498541e-03	4.434115e-04	1.538586e-03	4.760189e-05
0.00242877    	4.313681e-03	2.447311e-03	4.401288e-04	1.530175e-03	4.700261e-05
0.00249128    	4.177269e-03	2.398926e-03	4.367555e-04	1.515503e-03	4.655238e-05
0.00255347    	4.352817e-03	2.346413e-03	4.331032e-04	1.497289e-03	4.591662e-05
0.00261518    	4.239207e-03	2.289752e-03	4.288802e-04	1.473199e-03	4.499318e-05
0.00267644    	3.983176e-03	2.227558e-03	4.260179e-04	1.452415e-03	4.389493e-05
0.00273744    	4.116518e-03	2.169612e-03	4.253572e-04	1.436548e-03	4.351774e-05
0.00279833    	4.058226e-03	2.117412e-03	4.264954e-04	1.423620e-03	4.307987e-05
0.0028595     	3.907381e-03	2.075630e-03	4.308832e-04	1.419421e-03	4.274611e-05
0.00292064    	3.898123e-03	2.017566e-03	4.332357e-04	1.404127e-03	4.204314e-05
0.00298172    	3.997952e-03	1.969759e-03	4.378623e-04	1.396460e-03	4.105604e-05
0.0030429     	3.752704e-03	1.933273e-03	4.447483e-04	1.395188e-03	4.037656e-05
0.00310435    	3.771897e-03	1.901084e-03	4.533205e-04	1.395313e-03	3.975457e-05
0.00316548    	3.952289e-03	1.842208e-03	4.555816e-04	1.371720e-03	3.767671e-05
0.00322581    	3.866659e-03	1.798559e-03	4.607627e-04	1.355932e-03	3.594584e-05
0.00328572    	3.804533e-03	1.757753e-03	4.672785e-04	1.343635e-03	3.427063e-05
0.00334521    	3.987765e-03	1.719270e-03	4.735077e-04	1.331909e-03	3.289294e-05
0.00340426    	3.974349e-03	1.682079e-03	4.792252e-04	1.321808e-03	3.188589e-05
0.00346307    	3.937826e-03	1.651516e-03	4.858818e-04	1.316552e-03	3.109573e-05
0.00352169    	4.049794e-03	1.617891e-03	4.898822e-04	1.307634e-03	3.039581e-05
0.00357978    	4.023302e-03	1.569174e-03	4.863190e-04	1.283475e-03	2.945821e-05
0.00363711    	3.909806e-03	1.519322e-03	4.795470e-04	1.257452e-03	2.850668e-05
0.00369352    	3.909364e-03	1.462941e-03	4.667757e-04	1.222700e-03	2.732415e-05
0.00374934    	4.012170e-03	1.431334e-03	4.580861e-04	1.205125e-03	2.664116e-05
0.00380525    	4.103559e-03	1.403057e-03	4.468470e-04	1.188734e-03	2.624876e-05
0.00386155    	4.168519e-03	1.387640e-03	4.355412e-04	1.179968e-03	2.617358e-05
0.00391863    	4.294977e-03	1.381982e-03	4.231807e-04	1.176515e-03	2.647557e-05
0.00397671    	4.568331e-03	1.378637e-03	4.091445e-04	1.176525e-03	2.707672e-05
0.00403589    	4.860278e-03	1.381585e-03	3.950931e-04	1.180066e-03	2.804559e-05
0.00409642    	5.291138e-03	1.394694e-03	3.835081e-04	1.194481e-03	2.953808e-05
0.00415844    	5.381820e-03	1.403074e-03	3.708189e-04	1.203753e-03	3.118904e-05
0.00422121    	5.479253e-03	1.394651e-03	3.557405e-04	1.199933e-03	3.259773e-05
0.00428493    	5.555571e-03	1.412838e-03	3.496646e-04	1.219253e-03	3.472408e-05
0.00435057    	5.557369e-03	1.443083e-03	3.479108e-04	1.249811e-03	3.702321e-05
0.00441818    	5.711252e-03	1.463129e-03	3.458260e-04	1.270485e-03	3.882811e-05
0.00448684    	5.565162e-03	1.471176e-03	3.422014e-04	1.278197e-03	3.987243e-05
0.00455619    	5.562836e-03	1.474651e-03	3.380939e-04	1.279067e-03	4.127836e-05
0.004626      	5.340646e-03	1.476111e-03	3.341556e-04	1.276747e-03	4.209952e-05
0.0046961     	5.068555e-03	1.474908e-03	3.302212e-04	1.268081e-03	4.211414e-05
0.00476629    	4.799732e-03	1.468307e-03	3.260412e-04	1.255526e-03	4.156132e-05
0.00483652    	4.774708e-03	1.463669e-03	3.219588e-04	1.243068e-03	4.103789e-05
0.00490685    	4.678117e-03	1.458078e-03	3.180471e-04	1.228457e-03	4.066709e-05
0.00497733    	4.552111e-03	1.448799e-03	3.145547e-04	1.217032e-03	4.019594e-05
0.00504804    	4.607035e-03	1.442096e-03	3.106972e-04	1.207092e-03	3.949765e-05
0.00511853    	4.491135e-03	1.419626e-03	3.040989e-04	1.184797e-03	3.845588e-05
0.00518862    	4.319957e-03	1.402570e-03	2.982080e-04	1.166484e-03	3.764937e-05
0.00525843    	4.166909e-03	1.385364e-03	2.927269e-04	1.150590e-03	3.676081e-05
0.00532805    	4.140217e-03	1.369491e-03	2.879030e-04	1.136473e-03	3.600563e-05
0.0053976     	3.977638e-03	1.355727e-03	2.835281e-04	1.124351e-03	3.541954e-05
0.00546717    	3.920307e-03	1.341527e-03	2.803421e-04	1.112940e-03	3.473473e-05
0.00553681    	3.899187e-03	1.330018e-03	2.776369e-04	1.101327e-03	3.419810e-05
0.00560664    	3.899810e-03	1.317628e-03	2.753550e-04	1.092172e-03	3.367430e-05
0.00567675    	3.896817e-03	1.309297e-03	2.741422e-04	1.087181e-03	3.341738e-05
0.00574732    	3.770127e-03	1.301591e-03	2.733566e-04	1.084877e-03	3.343963e-05
0.00581849    	3.864755e-03	1.295663e-03	2.734224e-04	1.086302e-03	3.360879e-05
0.00589043    	3.880754e-03	1.292259e-03	2.741840e-04	1.088140e-03	3.407605e-05
0.00596241    	3.817282e-03	1.268828e-03	2.705221e-04	1.071308e-03	3.393331e-05
0.00603391    	3.642691e-03	1.243613e-03	2.664732e-04	1.053039e-03	3.377600e-05
0.00610493    	3.548215e-03	1.220086e-03	2.627499e-04	1.033618e-03	3.365036e-05
0.00617551    	3.522008e-03	1.197051e-03	2.588129e-04	1.013302e-03	3.371000e-05
0.00624565    	3.587344e-03	1.173093e-03	2.549453e-04	9.928745e-04	7.279007e-07
0.00631546    	3.520219e-03	1.148985e-03	2.511163e-04	9.755754e-04	8.378068e-07
0.00638491    	3.344218e-03	1.124343e-03	2.471502e-04	9.592361e-04	9.306769e-07
0.00645401    	3.281012e-03	1.101379e-03	2.432333e-04	9.462244e-04	9.757793e-07
0.00652292    	3.336095e-03	1.083894e-03	2.400076e-04	9.384035e-04	9.866248e-07
0.00659179    	3.264149e-03	1.068048e-03	2.369279e-04	9.332636e-04	9.977083e-07
0.0066607     	3.168860e-03	1.055079e-03	2.341047e-04	9.304928e-04	2.800859e-08
0.00672976    	3.127304e-03	1.042699e-03	2.314421e-04	9.286787e-04	2.869623e-08
0.00679904    	3.039337e-03	1.029688e-03	2.288489e-04	9.260369e-04	2.937308e-08
0.00686853    	3.065255e-03	1.015949e-03	2.258888e-04	9.210371e-04	2.984661e-08
0.00693823    	3.036909e-03	1.001416e-03	2.224744e-04	9.161820e-04	3.012835e-08
0.00700814    	3.055662e-03	9.864999e-04	2.190878e-04	9.104087e-04	3.027998e-08
0.00707824    	3.040975e-03	9.717959e-04	2.157988e-04	9.052543e-04	3.038460e-08
0.0071485     	3.020353e-03	9.566349e-04	2.123616e-04	9.002257e-04	3.037156e-08
0.00721896    	2.996352e-03	9.417997e-04	2.090376e-04	8.966998e-04	3.032448e-08
0.00728961    	3.036229e-03	9.286842e-04	2.060745e-04	8.932157e-04	3.023683e-08
0.00736044    	2.992409e-03	9.154967e-04	2.032643e-04	8.890114e-04	3.002981e-08
0.00743145    	3.103737e-03	9.040738e-04	2.007710e-04	8.863241e-04	2.974108e-08
0.00750263    	3.074020e-03	8.938788e-04	1.984432e-04	8.841997e-04	2.946233e-08
0.00757399    	2.979023e-03	8.843461e-04	1.961471e-04	8.823060e-04	2.927177e-08
0.0076455     	2.907863e-03	8.749328e-04	1.940554e-04	8.804431e-04	2.929693e-08
0.0077171     	2.913256e-03	8.642193e-04	1.919743e-04	8.772298e-04	2.962047e-08
0.00778868    	2.856628e-03	8.524318e-04	1.897813e-04	8.725235e-04	3.031382e-08
0.00786019    	2.830315e-03	8.402888e-04	1.874264e-04	8.657087e-04	3.126648e-08
0.00793159    	2.727794e-03	8.289911e-04	1.851550e-04	8.583757e-04	3.243823e-08
0.00800294    	2.688886e-03	8.176586e-04	1.829808e-04	8.507968e-04	3.385758e-08
0.00807431    	2.694941e-03	8.083518e-04	1.808343e-04	8.436297e-04	3.502945e-08
0.00814581    	2.669480e-03	8.011323e-04	1.787653e-04	8.374332e-04	3.605982e-08
0.00821749    	2.660478e-03	7.942343e-04	1.766172e-04	8.309784e-04	3.677941e-08
0.00828934    	2.688212e-03	7.870866e-04	1.742997e-04	8.241039e-04	3.732873e-08
0.0083613     	2.636230e-03	7.804474e-04	1.718843e-04	8.167902e-04	3.766925e-08
0.00843337    	2.617360e-03	7.742077e-04	1.694749e-04	8.096641e-04	3.772274e-08
0.00850553    	2.646656e-03	7.692108e-04	1.671936e-04	8.034393e-04	3.752666e-08
0.00857777    	2.678067e-03	7.648472e-04	1.650245e-04	7.966416e-04	3.721718e-08
0.00865005    	2.555526e-03	7.608262e-04	1.629977e-04	7.892922e-04	3.698521e-08
0.00872237    	2.585528e-03	7.567603e-04	1.611110e-04	7.813441e-04	3.696474e-08
0.00879467    	2.512315e-03	7.525947e-04	1.593040e-04	7.728738e-04	3.747260e-08
0.00886692    	2.452288e-03	7.486842e-04	1.576761e-04	7.629738e-04	3.851276e-08
0.00893911    	2.414048e-03	7.435835e-04	1.561059e-04	7.527195e-04	4.076107e-08
0.00901124    	2.337932e-03	7.385368e-04	1.546544e-04	7.431213e-04	4.437979e-08
0.00908339    	2.265267e-03	7.337956e-04	1.534436e-04	7.345187e-04	4.882187e-08
0.00915561    	2.236779e-03	7.295989e-04	1.524010e-04	7.262111e-04	5.377632e-08
0.00922798    	2.170085e-03	7.252924e-04	1.515448e-04	7.186006e-04	5.992086e-08
0.0093005     	2.096562e-03	7.203830e-04	1.506908e-04	7.113651e-04	6.739874e-08
0.00937315    	2.045558e-03	7.147267e-04	1.498085e-04	7.033121e-04	7.686609e-08
0.00944592    	1.991406e-03	7.088550e-04	1.488590e-04	6.947873e-04	8.544284e-08
0.00951881    	1.928318e-03	7.027356e-04	1.478548e-04	6.863517e-04	9.143763e-08
0.0095918     	1.857107e-03	6.958953e-04	1.467411e-04	6.775775e-04	9.602294e-08
0.00966473    	1.803186e-03	6.880617e-04	1.453030e-04	6.678508e-04	9.956750e-08
0.00973763    	1.790627e-03	6.807694e-04	1.440305e-04	6.597703e-04	1.019106e-07
0.00981052    	1.729741e-03	6.737251e-04	1.427385e-04	6.523764e-04	1.033811e-07
0.00988344    	1.690618e-03	6.668749e-04	1.415532e-04	6.452018e-04	1.043201e-07
0.0099564     	1.687379e-03	6.603632e-04	1.403872e-04	6.386382e-04	1.050601e-07
0.0100294     	1.636077e-03	6.539386e-04	1.392622e-04	6.326386e-04	1.057532e-07
0.0101025     	1.626765e-03	6.473465e-04	1.381626e-04	6.266762e-04	1.064321e-07
0.0101755     	1.598112e-03	6.407447e-04	1.371074e-04	6.212870e-04	1.070780e-07
0.0102486     	1.622714e-03	6.339760e-04	1.360783e-04	6.159981e-04	1.077064e-07
0.0103216     	1.545547e-03	6.272258e-04	1.350252e-04	6.111360e-04	1.082866e-07
0.0103946     	1.514460e-03	6.208880e-04	1.339741e-04	6.063551e-04	1.087841e-07
0.0104675     	1.526066e-03	6.147407e-04	1.329898e-04	6.018603e-04	1.091158e-07
0.0105404     	1.476483e-03	6.085124e-04	1.320163e-04	5.978746e-04	1.091929e-07
0.0106131     	1.491258e-03	6.022530e-04	1.310586e-04	5.939740e-04	1.089709e-07
0.0106859     	1.455185e-03	5.964076e-04	1.301125e-04	5.906926e-04	1.084972e-07
0.0107586     	1.445540e-03	5.910407e-04	1.292568e-04	5.876056e-04	1.080467e-07
0.0108313     	1.432784e-03	5.857784e-04	1.284349e-04	5.847553e-04	1.079797e-07
0.010904      	1.400415e-03	5.811220e-04	1.276805e-04	5.822222e-04	1.077496e-07
0.0109767     	1.421182e-03	5.769547e-04	1.269200e-04	5.797444e-04	1.065101e-07
0.0110495     	1.392929e-03	5.729418e-04	1.262047e-04	5.776603e-04	1.040292e-07
0.0111224     	1.437879e-03	5.691457e-04	1.255339e-04	5.758312e-04	1.008837e-07
0.0111953     	1.441735e-03	5.657467e-04	1.249122e-04	5.742781e-04	9.704980e-08
0.0112684     	1.407116e-03	5.628564e-04	1.243395e-04	5.729153e-04	9.214418e-08
0.0113417     	1.371565e-03	5.600263e-04	1.238649e-04	5.723469e-04	8.624878e-08
0.0114152     	1.412834e-03	5.578943e-04	1.234499e-04	5.723611e-04	8.019820e-08
0.0114891     	1.375370e-03	5.565250e-04	1.231520e-04	5.729142e-04	7.454996e-08
0.0115633     	1.386481e-03	5.552727e-04	1.229748e-04	5.734445e-04	6.973483e-08
0.0116379     	1.375459e-03	5.541945e-04	1.227591e-04	5.743069e-04	6.614964e-08
0.0117129     	1.399539e-03	5.532604e-04	1.226520e-04	5.752883e-04	6.357247e-08
0.0117884     	1.409020e-03	5.520058e-04	1.224619e-04	5.757142e-04	6.237635e-08
0.0118641     	1.354778e-03	5.478261e-04	1.217148e-04	5.729962e-04	6.285270e-08
0.0119398     	1.361784e-03	5.432755e-04	1.209530e-04	5.699829e-04	6.456304e-08
0.0120155     	1.312196e-03	5.389482e-04	1.202161e-04	5.667826e-04	6.676514e-08
0.0120912     	1.315676e-03	5.349730e-04	1.195032e-04	5.632890e-04	6.864066e-08
0.0121669     	1.294553e-03	5.310983e-04	1.188939e-04	5.598566e-04	7.025043e-08
0.0122427     	1.286296e-03	5.273671e-04	1.182509e-04	5.561829e-04	7.144938e-08
0.0123184     	1.238835e-03	5.236458e-04	1.175771e-04	5.522736e-04	7.223467e-08
0.0123942     	1.262733e-03	5.201792e-04	1.168742e-04	5.485560e-04	7.255529e-08
0.0124699     	1.231274e-03	5.167903e-04	1.161175e-04	5.448536e-04	7.250501e-08
0.0125456     	1.204370e-03	5.135198e-04	1.153421e-04	5.410475e-04	7.229997e-08
0.0126213     	1.199499e-03	5.103687e-04	1.145587e-04	5.373440e-04	7.196497e-08
0.012697      	1.237281e-03	5.074639e-04	1.137824e-04	5.336304e-04	7.157848e-08
0.0127726     	1.223563e-03	5.049276e-04	1.130328e-04	5.298482e-04	7.116198e-08
0.0128483     	1.213785e-03	5.028055e-04	1.123479e-04	5.262545e-04	7.072088e-08
0.0129239     	1.155840e-03	5.007407e-04	1.117517e-04	5.225384e-04	7.022937e-08
0.0129994     	1.139474e-03	4.986329e-04	1.112060e-04	5.188019e-04	6.981504e-08
0.0130749     	1.119442e-03	4.967517e-04	1.107375e-04	5.152158e-04	6.904222e-08
0.0131503     	1.119104e-03	4.950610e-04	1.103382e-04	5.116508e-04	6.844448e-08
0.0132257     	1.119173e-03	4.936793e-04	1.100007e-04	5.081267e-04	6.852797e-08
0.0133011     	1.104418e-03	4.923291e-04	1.096684e-04	5.045932e-04	6.965551e-08
0.0133764     	1.101128e-03	4.912377e-04	1.092638e-04	5.011328e-04	7.155410e-08
0.0134518     	1.111170e-03	4.903305e-04	1.089782e-04	4.977690e-04	7.367784e-08
0.0135273     	1.075476e-03	4.900071e-04	1.088750e-04	4.949585e-04	7.601634e-08
0.0136027     	1.078389e-03	4.875011e-04	1.083149e-04	4.902000e-04	7.844426e-08
0.0136778     	1.048275e-03	4.842088e-04	1.076022e-04	4.847137e-04	8.048065e-08
0.0137526     	1.018543e-03	4.817211e-04	1.070649e-04	4.802717e-04	8.227897e-08
0.0138272     	1.030635e-03	4.798728e-04	1.066859e-04	4.767193e-04	8.318090e-08
0.0139017     	1.026984e-03	4.786948e-04	1.064304e-04	4.740397e-04	8.332300e-08
0.0139762     	1.003416e-03	4.780113e-04	1.062883e-04	4.718403e-04	8.272632e-08
0.0140509     	9.976110e-04	4.774582e-04	1.062544e-04	4.700275e-04	8.161506e-08
0.0141256     	9.429343e-04	4.771261e-04	1.062954e-04	4.683784e-04	8.050499e-08
0.0142004     	9.238631e-04	4.755096e-04	1.060582e-04	4.656133e-04	7.984530e-08
0.0142751     	9.550613e-04	4.736262e-04	1.057634e-04	4.626044e-04	7.947125e-08
0.0143498     	9.074220e-04	4.716281e-04	1.054561e-04	4.595637e-04	7.928232e-08
0.0144243     	8.920637e-04	4.695222e-04	1.051677e-04	4.565024e-04	7.927802e-08
0.0144987     	8.609419e-04	4.674414e-04	1.048947e-04	4.533692e-04	7.950931e-08
0.014573      	8.646427e-04	4.655522e-04	1.046290e-04	4.503318e-04	7.967169e-08
0.0146473     	8.150936e-04	4.637952e-04	1.043629e-04	4.474333e-04	7.944330e-08
0.0147214     	8.423487e-04	4.621045e-04	1.041064e-04	4.447867e-04	7.887796e-08
0.0147955     	8.100534e-04	4.606267e-04	1.038693e-04	4.422489e-04	7.817924e-08
0.0148695     	8.231601e-04	4.591351e-04	1.035852e-04	4.396602e-04	7.763368e-08
0.0149434     	7.906014e-04	4.573502e-04	1.032586e-04	4.367868e-04	7.710239e-08
0.0150172     	8.054119e-04	4.555076e-04	1.029086e-04	4.340664e-04	7.656745e-08
0.0150909     	7.721754e-04	4.535892e-04	1.025327e-04	4.315047e-04	7.603158e-08
0.0151645     	7.776086e-04	4.514608e-04	1.021482e-04	4.290010e-04	7.566399e-08
0.0152379     	7.830588e-04	4.493921e-04	1.017636e-04	4.267427e-04	7.532470e-08
0.0153111     	7.583161e-04	4.473562e-04	1.014058e-04	4.247187e-04	7.501383e-08
0.0153842     	7.537849e-04	4.455881e-04	1.010848e-04	4.228129e-04	7.471797e-08
0.0154573     	7.160707e-04	4.441298e-04	1.007878e-04	4.213673e-04	7.441975e-08
0.0155302     	7.067062e-04	4.427736e-04	1.005122e-04	4.201016e-04	7.422548e-08
0.0156031     	6.963120e-04	4.412948e-04	1.002703e-04	4.190471e-04	7.401928e-08
0.015676      	7.122356e-04	4.398684e-04	1.000252e-04	4.180794e-04	7.367130e-08
0.0157487     	6.870353e-04	4.381380e-04	9.976893e-05	4.171927e-04	7.344405e-08
0.0158214     	6.851746e-04	4.364038e-04	9.948849e-05	4.162442e-04	7.321260e-08
0.015894      	7.024750e-04	4.346747e-04	9.919878e-05	4.151356e-04	7.311356e-08
0.0159665     	6.790405e-04	4.331704e-04	9.888737e-05	4.140598e-04	7.288002e-08
0.0160389     	6.970361e-04	4.318462e-04	9.861702e-05	4.130059e-04	7.265208e-08
0.0161112     	6.978143e-04	4.307684e-04	9.839410e-05	4.121558e-04	7.256019e-08
0.0161834     	7.174406e-04	4.299282e-04	9.823173e-05	4.116307e-04	7.235375e-08
0.0162556     	6.740245e-04	4.291052e-04	9.811215e-05	4.113232e-04	7.228035e-08
0.0163279     	6.973676e-04	4.285044e-04	9.806302e-05	4.111370e-04	7.221455e-08
0.0164002     	6.828435e-04	4.280114e-04	9.804617e-05	4.110649e-04	7.216062e-08
0.0164725     	6.792027e-04	4.276835e-04	9.803372e-05	4.108650e-04	7.204254e-08
0.016545      	6.762514e-04	4.273550e-04	9.800550e-05	4.104855e-04	7.202517e-08
0.0166175     	6.797744e-04	4.269124e-04	9.794612e-05	4.101923e-04	7.197975e-08
0.0166901     	6.680520e-04	4.265020e-04	9.788301e-05	4.101704e-04	7.200072e-08
0.0167628     	6.845781e-04	4.260103e-04	9.786300e-05	4.103107e-04	7.202411e-08
0.0168355     	6.638490e-04	4.256308e-04	9.788675e-05	4.106345e-04	7.208016e-08
0.0169083     	7.269917e-04	4.252834e-04	9.793973e-05	4.109290e-04	7.217189e-08
0.0169813     	6.836465e-04	4.248481e-04	9.798948e-05	4.113229e-04	7.230057e-08
0.0170543     	6.557590e-04	4.244709e-04	9.803732e-05	4.117594e-04	7.240849e-08
0.0171273     	6.762016e-04	4.240305e-04	9.808444e-05	4.122276e-04	7.258141e-08
0.0172005     	6.771668e-04	4.236744e-04	9.812528e-05	4.126624e-04	7.277145e-08
0.0172737     	6.619125e-04	4.233520e-04	9.815552e-05	4.131723e-04	7.297156e-08
0.017347      	6.551504e-04	4.229380e-04	9.818916e-05	4.137744e-04	7.317653e-08
0.0174203     	6.597308e-04	4.225514e-04	9.822405e-05	4.143906e-04	7.337992e-08
0.0174936     	6.608569e-04	4.220028e-04	9.827964e-05	4.150234e-04	7.363434e-08
0.017567      	6.969650e-04	4.214664e-04	9.833342e-05	4.155439e-04	7.381871e-08
0.0176404     	6.609200e-04	4.208797e-04	9.841481e-05	4.160032e-04	7.399240e-08
0.0177138     	6.767211e-04	4.202786e-04	9.847809e-05	4.164034e-04	7.420516e-08
0.0177873     	6.953370e-04	4.197736e-04	9.855185e-05	4.168351e-04	7.436079e-08
0.0178608     	6.556523e-04	4.191531e-04	9.862222e-05	4.171489e-04	7.455221e-08
0.0179344     	6.752032e-04	4.183603e-04	9.868888e-05	4.172411e-04	7.468508e-08
0.0180079     	6.778914e-04	4.175223e-04	9.873522e-05	4.172111e-04	7.483740e-08
0.0180815     	6.743183e-04	4.165147e-04	9.876071e-05	4.171231e-04	7.494121e-08
0.018155      	6.620490e-04	4.154738e-04	9.881471e-05	4.170857e-04	7.496718e-08
0.0182286     	6.533066e-04	4.143161e-04	9.885074e-05	4.169021e-04	7.493090e-08
0.0183021     	6.814681e-04	4.131248e-04	9.890471e-05	4.166338e-04	7.483584e-08
0.0183755     	6.517183e-04	4.118952e-04	9.893197e-05	4.162925e-04	7.474787e-08
0.018449      	6.716989e-04	4.106355e-04	9.896815e-05	4.158102e-04	7.458070e-08
0.0185224     	6.238302e-04	4.093113e-04	9.899691e-05	4.151856e-04	7.444769e-08
0.0185957     	6.494318e-04	4.079644e-04	9.900604e-05	4.145785e-04	7.422615e-08
0.0186689     	6.694208e-04	4.066240e-04	9.901647e-05	4.138901e-04	7.405933e-08
0.0187421     	6.449137e-04	4.052819e-04	9.903530e-05	4.131232e-04	7.388086e-08
0.0188152     	6.329540e-04	4.039843e-04	9.904717e-05	4.124288e-04	7.369736e-08
0.0188882     	6.221485e-04	4.026524e-04	9.902648e-05	4.117033e-04	7.351141e-08
0.0189612     	6.199231e-04	4.013911e-04	9.900682e-05	4.109344e-04	7.324118e-08
0.019034      	6.216707e-04	4.001756e-04	9.901210e-05	4.101808e-04	7.305675e-08
0.0191067     	5.984941e-04	3.991162e-04	9.900401e-05	4.094496e-04	7.288102e-08
0.0191794     	6.506425e-04	3.981739e-04	9.900745e-05	4.088239e-04	7.271953e-08
0.019252      	6.527716e-04	3.973207e-04	9.902940e-05	4.083190e-04	7.258009e-08
0.0193245     	6.150165e-04	3.965609e-04	9.904338e-05	4.078003e-04	7.246570e-08
0.0193969     	5.963786e-04	3.957620e-04	9.906447e-05	4.073248e-04	7.237950e-08
0.0194692     	6.079990e-04	3.950709e-04	9.910155e-05	4.068469e-04	7.231434e-08
0.0195415     	6.232704e-04	3.945507e-04	9.913815e-05	4.062918e-04	7.230703e-08
0.0196138     	5.968651e-04	3.940765e-04	9.920372e-05	4.057840e-04	7.233569e-08
0.019686      	6.007143e-04	3.937222e-04	9.927085e-05	4.053042e-04	7.238235e-08
0.0197581     	5.711060e-04	3.935061e-04	9.934662e-05	4.048665e-04	7.250683e-08
0.0198303     	5.763207e-04	3.933508e-04	9.943303e-05	4.044541e-04	7.262876e-08
0.0199024     	5.790906e-04	3.933015e-04	9.955148e-05	4.041445e-04	7.278902e-08
0.0199745     	5.882356e-04	3.931966e-04	9.964680e-05	4.037794e-04	7.298419e-08
0.0200465     	5.946427e-04	3.931248e-04	9.975900e-05	4.033702e-04	7.331321e-08
0.0201186     	5.782157e-04	3.930216e-04	9.984120e-05	4.028665e-04	7.354399e-08
0.0201906     	5.578140e-04	3.928713e-04	9.993574e-05	4.023168e-04	7.377970e-08
0.0202626     	5.924093e-04	3.926556e-04	9.999546e-05	4.017526e-04	7.401177e-08
0.0203345     	5.938369e-04	3.923977e-04	1.000693e-04	4.011809e-04	7.434793e-08
0.0204063     	5.651696e-04	3.922063e-04	1.001191e-04	4.005210e-04	7.455483e-08
0.0204781     	5.702312e-04	3.920637e-04	1.001910e-04	3.999604e-04	7.475054e-08
0.0205498     	5.223091e-04	3.919625e-04	1.002705e-04	3.993722e-04	7.493463e-08
0.0206215     	5.681673e-04	3.918486e-04	1.003420e-04	3.987304e-04	7.510274e-08
0.0206931     	5.355603e-04	3.917288e-04	1.004664e-04	3.982667e-04	7.525411e-08
0.0207647     	5.383837e-04	3.916301e-04	1.005731e-04	3.976837e-04	7.538777e-08
0.0208362     	5.219034e-04	3.916132e-04	1.006678e-04	3.969886e-04	7.550431e-08
0.0209077     	5.198446e-04	3.915558e-04	1.007853e-04	3.963792e-04	7.560180e-08
0.0209792     	5.477496e-04	3.914611e-04	1.008977e-04	3.958205e-04	7.567860e-08
0.0210506     	5.122950e-04	3.913391e-04	1.009897e-04	3.952096e-04	7.573183e-08
0.021122      	5.246375e-04	3.913104e-04	1.010996e-04	3.946885e-04	7.576449e-08
0.0211934     	5.426812e-04	3.912301e-04	1.012263e-04	3.942440e-04	7.577623e-08
0.0212647     	5.281036e-04	3.912407e-04	1.013492e-04	3.937418e-04	7.578572e-08
0.021336      	5.075511e-04	3.912695e-04	1.014528e-04	3.931628e-04	7.575715e-08
0.0214073     	4.968097e-04	3.914340e-04	1.015786e-04	3.925863e-04	7.573214e-08
0.0214785     	5.009057e-04	3.916573e-04	1.017135e-04	3.920338e-04	7.572607e-08
0.0215497     	5.148427e-04	3.919129e-04	1.018461e-04	3.915355e-04	7.572495e-08
0.0216209     	5.388195e-04	3.921782e-04	1.019792e-04	3.910677e-04	7.571189e-08
0.0216921     	5.138591e-04	3.924157e-04	1.021113e-04	3.905809e-04	7.567514e-08
0.0217632     	5.123318e-04	3.926911e-04	1.022673e-04	3.901454e-04	7.560834e-08
0.0218343     	5.171823e-04	3.929868e-04	1.024629e-04	3.896591e-04	7.551018e-08
0.0219054     	5.282808e-04	3.932824e-04	1.026305e-04	3.891024e-04	7.538655e-08
0.0219766     	5.351065e-04	3.936555e-04	1.027938e-04	3.886298e-04	7.520050e-08
0.0220477     	5.242026e-04	3.940708e-04	1.030093e-04	3.882671e-04	7.503800e-08
0.0221188     	5.042225e-04	3.946104e-04	1.032209e-04	3.879058e-04	7.486895e-08
0.02219       	5.093121e-04	3.951738e-04	1.034226e-04	3.875628e-04	7.469300e-08
0.0222611     	5.053165e-04	3.958616e-04	1.036461e-04	3.871962e-04	7.450829e-08
0.0223323     	5.278416e-04	3.965821e-04	1.038786e-04	3.867929e-04	7.425795e-08
0.0224036     	5.162023e-04	3.973850e-04	1.041052e-04	3.864844e-04	7.406093e-08
0.0224748     	5.014046e-04	3.981844e-04	1.043530e-04	3.862209e-04	7.386081e-08
0.0225462     	5.123241e-04	3.990097e-04	1.045939e-04	3.859823e-04	7.359680e-08
0.0226175     	5.404376e-04	3.999516e-04	1.048718e-04	3.858061e-04	7.339459e-08
0.022689      	5.414266e-04	4.008888e-04	1.051437e-04	3.856042e-04	7.313814e-08
0.0227604     	5.102913e-04	4.018007e-04	1.053964e-04	3.853519e-04	7.294695e-08
0.022832      	4.985058e-04	4.026916e-04	1.056587e-04	3.850977e-04	7.271854e-08
0.0229036     	5.155906e-04	4.035642e-04	1.059267e-04	3.848407e-04	7.255066e-08
0.0229752     	5.348048e-04	4.045095e-04	1.061861e-04	3.845737e-04	7.235870e-08
0.0230469     	5.286287e-04	4.054270e-04	1.064137e-04	3.843778e-04	7.221016e-08
0.0231187     	5.294063e-04	4.062666e-04	1.066671e-04	3.842016e-04	7.203406e-08
0.0231904     	5.378206e-04	4.070456e-04	1.068971e-04	3.840542e-04	7.189203e-08
0.0232623     	5.551121e-04	4.077786e-04	1.071092e-04	3.838885e-04	7.172462e-08
0.0233341     	5.348279e-04	4.084668e-04	1.073148e-04	3.836915e-04	7.156181e-08
0.023406      	5.193668e-04	4.090786e-04	1.075098e-04	3.834742e-04	7.142975e-08
0.0234779     	5.204104e-04	4.096592e-04	1.077199e-04	3.832957e-04	7.127521e-08
0.0235498     	5.505019e-04	4.101819e-04	1.079050e-04	3.831129e-04	7.112852e-08
0.0236218     	5.600485e-04	4.106687e-04	1.080802e-04	3.828936e-04	7.098634e-08
0.0236937     	5.296561e-04	4.110610e-04	1.082463e-04	3.826966e-04	7.086485e-08
0.0237657     	5.683322e-04	4.113342e-04	1.083997e-04	3.824204e-04	7.071817e-08
0.0238376     	5.302620e-04	4.114654e-04	1.084976e-04	3.821302e-04	7.057036e-08
0.0239096     	5.580513e-04	4.115907e-04	1.085934e-04	3.819512e-04	7.042411e-08
0.0239814     	5.382282e-04	4.116379e-04	1.086848e-04	3.817664e-04	7.026830e-08
0.0240533     	5.323679e-04	4.116637e-04	1.087576e-04	3.815736e-04	7.008210e-08
0.0241251     	5.542812e-04	4.117608e-04	1.088489e-04	3.814527e-04	6.980032e-08
0.024197      	5.232220e-04	4.119992e-04	1.089707e-04	3.814289e-04	6.952455e-08
0.0242688     	5.349931e-04	4.122903e-04	1.091270e-04	3.814963e-04	6.922513e-08
0.0243406     	5.690194e-04	4.126497e-04	1.092944e-04	3.816414e-04	6.884273e-08
0.0244125     	5.514581e-04	4.130644e-04	1.094385e-04	3.819376e-04	6.854643e-08
0.0244844     	5.808749e-04	4.133941e-04	1.094509e-04	3.821825e-04	6.822729e-08
0.0245563     	5.766917e-04	4.136404e-04	1.095318e-04	3.823643e-04	6.800943e-08
0.0246282     	5.960680e-04	4.136965e-04	1.095812e-04	3.824542e-04	6.780437e-08
0.0247001     	5.802985e-04	4.136067e-04	1.096012e-04	3.823457e-04	6.766262e-08
0.0247719     	5.504396e-04	4.134491e-04	1.096036e-04	3.822346e-04	6.751870e-08
0.0248436     	5.753202e-04	4.132456e-04	1.095840e-04	3.820117e-04	6.737415e-08
0.0249153     	5.590198e-04	4.130633e-04	1.095576e-04	3.818045e-04	6.723079e-08
0.0249869     	5.739366e-04	4.129265e-04	1.095173e-04	3.816560e-04	6.704120e-08
0.0250584     	5.654073e-04	4.128869e-04	1.095339e-04	3.816285e-04	6.682438e-08
0.0251298     	5.685624e-04	4.128677e-04	1.095718e-04	3.817344e-04	6.659059e-08
0.0252013     	5.618329e-04	4.129950e-04	1.096663e-04	3.819700e-04	6.639355e-08
0.0252727     	5.736977e-04	4.131553e-04	1.097999e-04	3.823504e-04	6.616294e-08
0.0253441     	5.691891e-04	4.132665e-04	1.099564e-04	3.827698e-04	6.592805e-08
0.0254156     	5.893804e-04	4.133121e-04	1.100908e-04	3.831721e-04	6.566641e-08
0.0254871     	5.628108e-04	4.132495e-04	1.101920e-04	3.835325e-04	6.543881e-08
0.0255585     	5.757776e-04	4.131157e-04	1.102679e-04	3.837981e-04	6.522322e-08
0.0256299     	5.328914e-04	4.128342e-04	1.103248e-04	3.840508e-04	6.502976e-08
0.0257013     	5.616336e-04	4.123795e-04	1.103413e-04	3.841156e-04	6.491696e-08
0.0257726     	5.602720e-04	4.118920e-04	1.103586e-04	3.841575e-04	6.492028e-08
0.0258439     	5.603648e-04	4.113659e-04	1.103681e-04	3.841646e-04	6.497389e-08
0.025915      	5.595969e-04	4.108558e-04	1.103957e-04	3.841721e-04	6.512586e-08
0.0259861     	5.412043e-04	4.103617e-04	1.104188e-04	3.843189e-04	6.524963e-08
0.0260572     	5.536863e-04	4.099063e-04	1.104682e-04	3.845679e-04	6.538489e-08
0.0261282     	5.549856e-04	4.095652e-04	1.105481e-04	3.848673e-04	6.551268e-08
0.0261993     	5.750576e-04	4.093636e-04	1.106962e-04	3.853374e-04	6.562247e-08
0.0262703     	5.537514e-04	4.092778e-04	1.108182e-04	3.858429e-04	6.573239e-08
0.0263414     	5.703275e-04	4.092417e-04	1.109509e-04	3.863782e-04	6.584770e-08
0.0264125     	5.812781e-04	4.090423e-04	1.110366e-04	3.868032e-04	6.597078e-08
0.0264836     	5.610658e-04	4.087330e-04	1.111318e-04	3.871603e-04	6.611771e-08
0.0265546     	5.696451e-04	4.083041e-04	1.112564e-04	3.874888e-04	6.621570e-08
0.0266257     	5.889503e-04	4.079026e-04	1.113199e-04	3.877050e-04	6.637286e-08
0.0266967     	6.104402e-04	4.073717e-04	1.112676e-04	3.877755e-04	6.645244e-08
0.0267676     	5.768359e-04	4.067907e-04	1.112542e-04	3.879150e-04	6.654127e-08
0.0268385     	5.464586e-04	4.063092e-04	1.112401e-04	3.880925e-04	6.666125e-08
0.0269094     	5.440513e-04	4.059112e-04	1.112883e-04	3.883510e-04	6.681392e-08
0.0269802     	5.518912e-04	4.056387e-04	1.113342e-04	3.887176e-04	6.698831e-08
0.0270511     	5.224840e-04	4.054486e-04	1.114148e-04	3.891917e-04	6.715787e-08
0.027122      	5.541800e-04	4.053528e-04	1.115405e-04	3.897493e-04	6.729566e-08
0.027193      	5.690470e-04	4.054405e-04	1.116884e-04	3.903480e-04	6.735346e-08
0.027264      	5.416386e-04	4.054790e-04	1.118396e-04	3.909669e-04	6.744636e-08
0.027335      	5.757696e-04	4.053775e-04	1.119643e-04	3.914939e-04	6.751659e-08
0.0274061     	5.687693e-04	4.052206e-04	1.120502e-04	3.918847e-04	6.754699e-08
0.0274773     	5.209923e-04	4.049732e-04	1.121275e-04	3.922267e-04	6.757538e-08
0.0275484     	5.259828e-04	4.048023e-04	1.121800e-04	3.924552e-04	6.759337e-08
0.0276196     	5.394945e-04	4.046110e-04	1.122327e-04	3.925608e-04	6.760439e-08
0.0276907     	5.581506e-04	4.043480e-04	1.122363e-04	3.926447e-04	6.758249e-08
0.0277618     	5.430288e-04	4.041421e-04	1.122536e-04	3.928218e-04	6.757715e-08
0.027833      	5.505578e-04	4.040545e-04	1.123122e-04	3.930248e-04	6.752338e-08
0.0279041     	5.373990e-04	4.041575e-04	1.123965e-04	3.933909e-04	6.750702e-08
0.0279754     	5.788630e-04	4.043232e-04	1.125020e-04	3.938760e-04	6.743398e-08
0.0280467     	5.805195e-04	4.046380e-04	1.126499e-04	3.945058e-04	6.741275e-08
0.0281181     	5.947655e-04	4.048977e-04	1.127903e-04	3.950888e-04	6.733368e-08
0.0281895     	5.856972e-04	4.051388e-04	1.129099e-04	3.955575e-04	6.731497e-08
0.028261      	5.385955e-04	4.052133e-04	1.129805e-04	3.959750e-04	6.724294e-08
0.0283326     	5.569773e-04	4.052235e-04	1.130198e-04	3.961912e-04	6.723089e-08
0.0284042     	5.563055e-04	4.051524e-04	1.130046e-04	3.962589e-04	6.717531e-08
0.0284757     	5.856294e-04	4.050382e-04	1.129842e-04	3.962975e-04	6.717529e-08
0.0285473     	5.770022e-04	4.047571e-04	1.129249e-04	3.962957e-04	6.714681e-08
0.0286188     	5.677657e-04	4.045463e-04	1.128655e-04	3.962609e-04	6.716161e-08
0.0286903     	5.831164e-04	4.043731e-04	1.128273e-04	3.963738e-04	6.716519e-08
0.0287618     	5.685821e-04	4.043244e-04	1.128241e-04	3.965021e-04	6.719698e-08
0.0288333     	5.394950e-04	4.042942e-04	1.128386e-04	3.967122e-04	6.723376e-08
0.0289049     	5.366414e-04	4.044000e-04	1.129322e-04	3.970010e-04	6.728026e-08
0.0289765     	5.278357e-04	4.045420e-04	1.130158e-04	3.973074e-04	6.733011e-08
0.0290482     	5.538998e-04	4.047420e-04	1.130888e-04	3.976779e-04	6.738426e-08
0.02912       	5.557738e-04	4.048579e-04	1.131610e-04	3.979899e-04	6.744292e-08
0.0291918     	5.419104e-04	4.047762e-04	1.131824e-04	3.982403e-04	6.750581e-08
0.0292637     	5.417618e-04	4.046328e-04	1.131603e-04	3.983627e-04	6.757135e-08
0.0293355     	5.353985e-04	4.045205e-04	1.131056e-04	3.983911e-04	6.763785e-08
0.0294074     	5.585169e-04	4.043072e-04	1.130418e-04	3.982811e-04	6.770646e-08
0.0294793     	5.588223e-04	4.039390e-04	1.129515e-04	3.981264e-04	6.773821e-08
0.0295511     	5.838268e-04	4.035224e-04	1.128376e-04	3.978581e-04	6.780184e-08
0.0296229     	5.691716e-04	4.030330e-04	1.127273e-04	3.976327e-04	6.786403e-08
0.0296946     	5.467983e-04	4.026571e-04	1.126617e-04	3.974846e-04	6.789239e-08
0.0297664     	5.782929e-04	4.024079e-04	1.126340e-04	3.974225e-04	6.795007e-08
0.0298382     	5.361061e-04	4.022733e-04	1.126139e-04	3.974446e-04	6.797373e-08
0.02991       	5.530710e-04	4.021816e-04	1.126353e-04	3.975608e-04	6.802713e-08
0.0299818     	5.244672e-04	4.021569e-04	1.126403e-04	3.976837e-04	6.804771e-08
0.0300537     	5.222707e-04	4.020964e-04	1.126387e-04	3.976724e-04	6.809899e-08
0.0301257     	5.424724e-04	4.019235e-04	1.126208e-04	3.975176e-04	6.811697e-08
0.0301976     	5.416443e-04	4.016512e-04	1.125454e-04	3.972614e-04	6.813342e-08
0.0302695     	5.722344e-04	4.011874e-04	1.124564e-04	3.969361e-04	6.814861e-08
0.0303414     	5.469351e-04	4.005353e-04	1.123163e-04	3.965865e-04	6.819362e-08
0.0304132     	5.436513e-04	3.997979e-04	1.121684e-04	3.961687e-04	6.820646e-08
0.0304849     	5.316138e-04	3.990570e-04	1.120141e-04	3.957611e-04	6.821809e-08
0.0305566     	5.450807e-04	3.984007e-04	1.118800e-04	3.953731e-04	6.825787e-08
0.0306283     	5.754043e-04	3.979424e-04	1.118041e-04	3.951226e-04	6.826371e-08
0.0306999     	5.258727e-04	3.977028e-04	1.117522e-04	3.950311e-04	6.826893e-08
0.0307715     	5.347365e-04	3.974708e-04	1.117223e-04	3.950162e-04	6.829983e-08
0.0308432     	5.398884e-04	3.972850e-04	1.117183e-04	3.950344e-04	6.830307e-08
0.0309149     	5.646669e-04	3.971699e-04	1.117042e-04	3.951213e-04	6.830662e-08
0.0309866     	5.435658e-04	3.969754e-04	1.116802e-04	3.951894e-04	6.833683e-08
0.0310583     	5.500479e-04	3.965695e-04	1.116317e-04	3.950993e-04	6.833987e-08
0.03113       	5.343428e-04	3.960234e-04	1.115434e-04	3.948736e-04	6.836803e-08
0.0312016     	5.570099e-04	3.954738e-04	1.114318e-04	3.945148e-04	6.836965e-08
0.0312732     	5.266282e-04	3.948705e-04	1.112643e-04	3.940857e-04	6.839588e-08
0.0313448     	5.376733e-04	3.942204e-04	1.111419e-04	3.937339e-04	6.839673e-08
0.0314162     	5.723246e-04	3.935192e-04	1.110113e-04	3.933841e-04	6.842094e-08
0.0314877     	5.982629e-04	3.929349e-04	1.109245e-04	3.931338e-04	6.844241e-08
0.031559      	5.571139e-04	3.924870e-04	1.108744e-04	3.929880e-04	6.844058e-08
0.0316304     	5.335409e-04	3.922722e-04	1.108491e-04	3.928997e-04	6.845888e-08
0.0317019     	5.761993e-04	3.921762e-04	1.108845e-04	3.929962e-04	6.847456e-08
0.0317733     	5.227495e-04	3.920916e-04	1.109116e-04	3.931430e-04	6.847348e-08
0.0318448     	5.503561e-04	3.920171e-04	1.109510e-04	3.932641e-04	6.848883e-08
0.0319164     	5.634172e-04	3.918210e-04	1.109531e-04	3.932505e-04	6.850426e-08
0.0319879     	5.733196e-04	3.914665e-04	1.109049e-04	3.930691e-04	6.850690e-08
0.0320594     	5.249533e-04	3.909338e-04	1.108492e-04	3.927561e-04	6.852209e-08
0.032131      	5.262582e-04	3.903985e-04	1.107513e-04	3.924116e-04	6.853588e-08
0.0322024     	5.373144e-04	3.898075e-04	1.106329e-04	3.919810e-04	6.854066e-08
0.0322738     	5.187569e-04	3.892177e-04	1.105372e-04	3.915780e-04	6.856782e-08
0.0323452     	5.468014e-04	3.886443e-04	1.104594e-04	3.912477e-04	6.861413e-08
0.0324165     	5.559757e-04	3.882583e-04	1.104340e-04	3.910804e-04	6.862017e-08
0.0324879     	5.538176e-04	3.879926e-04	1.104535e-04	3.910695e-04	6.868108e-08
0.0325593     	5.722407e-04	3.878914e-04	1.105054e-04	3.911575e-04	6.874947e-08
0.0326307     	5.983692e-04	3.879179e-04	1.105729e-04	3.913227e-04	6.875690e-08
0.0327023     	5.676720e-04	3.879936e-04	1.106873e-04	3.914126e-04	6.882353e-08
0.0327738     	5.742530e-04	3.880269e-04	1.107866e-04	3.913108e-04	6.883595e-08
0.0328455     	5.861600e-04	3.878861e-04	1.108286e-04	3.910529e-04	6.888825e-08
0.0329171     	5.684211e-04	3.875883e-04	1.108230e-04	3.907017e-04	6.890289e-08
0.0329887     	6.045563e-04	3.872131e-04	1.107925e-04	3.903832e-04	6.893960e-08
0.0330603     	5.664682e-04	3.867760e-04	1.107248e-04	3.899580e-04	6.895674e-08
0.0331318     	6.128111e-04	3.863698e-04	1.106789e-04	3.895702e-04	6.897515e-08
0.0332034     	6.155765e-04	3.859968e-04	1.106203e-04	3.891099e-04	6.897650e-08
0.0332748     	6.172201e-04	3.857643e-04	1.106377e-04	3.887141e-04	6.899680e-08
0.0333463     	6.424807e-04	3.858021e-04	1.107148e-04	3.884930e-04	6.844029e-08
0.0334179     	6.340363e-04	3.860532e-04	1.108198e-04	3.884513e-04	6.846219e-08
0.0334894     	6.685732e-04	3.866199e-04	1.109916e-04	3.885809e-04	6.848705e-08
0.0335611     	6.438918e-04	3.872128e-04	1.111542e-04	3.887585e-04	6.708803e-08
0.0336328     	6.307598e-04	3.877244e-04	1.112845e-04	3.888461e-04	6.712043e-08
0.0337046     	6.575320e-04	3.880983e-04	1.113514e-04	3.888045e-04	6.715543e-08
0.0337765     	6.310676e-04	3.882831e-04	1.113871e-04	3.885729e-04	6.574087e-08
0.0338483     	6.942968e-04	3.881712e-04	1.113696e-04	3.883105e-04	6.577785e-08
0.0339201     	6.593141e-04	3.879042e-04	1.113041e-04	3.879744e-04	6.581604e-08
0.0339919     	6.472790e-04	3.876147e-04	1.112371e-04	3.874703e-04	6.585540e-08
0.0340636     	6.315215e-04	3.872459e-04	1.111532e-04	3.869314e-04	6.533711e-08
0.0341353     	6.298021e-04	3.869690e-04	1.110852e-04	3.864553e-04	6.537657e-08
0.0342069     	6.476555e-04	3.868442e-04	1.110639e-04	3.860212e-04	6.553954e-08
0.0342786     	6.442736e-04	3.868562e-04	1.110821e-04	3.858128e-04	6.557873e-08
0.0343503     	6.130250e-04	3.870632e-04	1.111713e-04	3.857864e-04	6.561806e-08
0.0344221     	6.205865e-04	3.873573e-04	1.112731e-04	3.858675e-04	6.594217e-08
0.034494      	5.962511e-04	3.876384e-04	1.113949e-04	3.860442e-04	6.598394e-08
0.0345659     	5.966877e-04	3.877684e-04	1.114744e-04	3.860980e-04	6.602572e-08
0.0346378     	6.129939e-04	3.878486e-04	1.114965e-04	3.860228e-04	6.619978e-08
0.0347098     	6.235043e-04	3.878259e-04	1.114888e-04	3.858095e-04	6.624221e-08
0.0347818     	5.987694e-04	3.877267e-04	1.114355e-04	3.853849e-04	6.628483e-08
0.0348537     	5.969670e-04	3.873296e-04	1.113193e-04	3.849230e-04	6.617470e-08
0.0349256     	5.992074e-04	3.868905e-04	1.111996e-04	3.844432e-04	6.621843e-08
0.0349974     	6.203564e-04	3.864380e-04	1.111200e-04	3.839747e-04	6.588018e-08
0.0350691     	6.014122e-04	3.860560e-04	1.110219e-04	3.835751e-04	6.592324e-08
0.0351409     	6.278246e-04	3.857835e-04	1.109674e-04	3.833384e-04	6.554916e-08
0.0352126     	5.923442e-04	3.856662e-04	1.109716e-04	3.831779e-04	6.525219e-08
0.0352844     	6.094525e-04	3.857425e-04	1.110127e-04	3.831282e-04	6.529463e-08
0.0353562     	5.717991e-04	3.859100e-04	1.110804e-04	3.831507e-04	6.513064e-08
0.0354281     	5.864781e-04	3.860005e-04	1.111323e-04	3.830905e-04	6.517486e-08
0.0355001     	5.837318e-04	3.859173e-04	1.111934e-04	3.830038e-04	6.512620e-08
0.035572      	5.845949e-04	3.855952e-04	1.111562e-04	3.827193e-04	6.517155e-08
0.0356439     	6.066620e-04	3.852137e-04	1.110975e-04	3.822706e-04	6.521495e-08
0.0357159     	6.255519e-04	3.846301e-04	1.109767e-04	3.817330e-04	6.531666e-08
0.0357877     	5.627089e-04	3.840052e-04	1.108497e-04	3.811089e-04	6.536176e-08
0.0358595     	6.033176e-04	3.833426e-04	1.106706e-04	3.804530e-04	6.548306e-08
0.0359312     	5.957873e-04	3.827226e-04	1.105364e-04	3.798356e-04	6.558729e-08
0.0360028     	6.013061e-04	3.822960e-04	1.104364e-04	3.793188e-04	6.563094e-08
0.0360745     	5.733545e-04	3.819962e-04	1.104012e-04	3.789126e-04	6.570198e-08
0.0361461     	6.218405e-04	3.818126e-04	1.103864e-04	3.785463e-04	6.573850e-08
0.0362178     	5.965943e-04	3.817769e-04	1.104329e-04	3.784062e-04	6.578207e-08
0.0362895     	6.102775e-04	3.817469e-04	1.104882e-04	3.783360e-04	6.578587e-08
0.0363613     	5.733857e-04	3.816053e-04	1.105301e-04	3.781826e-04	6.575837e-08
0.0364331     	5.856028e-04	3.813480e-04	1.105421e-04	3.778944e-04	6.580269e-08
0.0365048     	5.906167e-04	3.808855e-04	1.105015e-04	3.774172e-04	6.575066e-08
0.0365766     	5.642140e-04	3.803849e-04	1.104030e-04	3.768442e-04	6.568786e-08
0.0366483     	5.615275e-04	3.797307e-04	1.102965e-04	3.761977e-04	6.573428e-08
0.03672       	5.836447e-04	3.789971e-04	1.101585e-04	3.754277e-04	6.567000e-08
0.0367916     	5.648204e-04	3.783246e-04	1.100114e-04	3.745968e-04	6.561287e-08
0.0368631     	5.904421e-04	3.777378e-04	1.099016e-04	3.739159e-04	6.566011e-08
0.0369346     	5.805802e-04	3.773221e-04	1.098242e-04	3.733815e-04	6.560801e-08
0.0370061     	5.575612e-04	3.771228e-04	1.098024e-04	3.729912e-04	6.555921e-08
0.0370776     	5.858633e-04	3.769867e-04	1.098093e-04	3.727797e-04	6.560685e-08
0.0371491     	5.997334e-04	3.769500e-04	1.098306e-04	3.726052e-04	6.555956e-08
0.0372207     	5.781949e-04	3.769538e-04	1.099010e-04	3.725094e-04	6.551294e-08
0.0372924     	5.857095e-04	3.768215e-04	1.099194e-04	3.722362e-04	6.546656e-08
0.037364      	5.727735e-04	3.766522e-04	1.098961e-04	3.717792e-04	6.551713e-08
0.0374357     	5.649889e-04	3.763573e-04	1.098296e-04	3.711911e-04	6.547297e-08
0.0375073     	5.609595e-04	3.759652e-04	1.097355e-04	3.705472e-04	6.542808e-08
0.0375788     	5.608840e-04	3.754743e-04	1.096231e-04	3.698263e-04	6.538008e-08
0.0376503     	5.893847e-04	3.749545e-04	1.094968e-04	3.690983e-04	6.532845e-08
0.0377218     	5.676575e-04	3.745125e-04	1.094037e-04	3.683481e-04	6.538212e-08
0.0377932     	5.866389e-04	3.742370e-04	1.093626e-04	3.677545e-04	6.532701e-08
0.0378646     	5.661170e-04	3.740505e-04	1.093327e-04	3.673082e-04	6.527155e-08
0.037936      	5.862489e-04	3.741056e-04	1.093682e-04	3.669492e-04	6.521858e-08
0.0380075     	5.640120e-04	3.744332e-04	1.094186e-04	3.666875e-04	6.517038e-08
0.038079      	5.818888e-04	3.748495e-04	1.095030e-04	3.665236e-04	6.512960e-08
0.0381506     	5.682781e-04	3.752710e-04	1.096182e-04	3.664227e-04	6.509619e-08
0.0382223     	5.779000e-04	3.757104e-04	1.096998e-04	3.662479e-04	6.506911e-08
0.0382941     	5.595734e-04	3.759762e-04	1.097366e-04	3.659303e-04	6.504772e-08
0.0383659     	5.792494e-04	3.761983e-04	1.097424e-04	3.655049e-04	6.496398e-08
0.0384377     	5.659539e-04	3.761863e-04	1.097082e-04	3.649612e-04	6.495791e-08
0.0385095     	6.034017e-04	3.761752e-04	1.096327e-04	3.643821e-04	6.495783e-08
0.0385812     	5.849815e-04	3.761093e-04	1.095575e-04	3.637455e-04	6.496256e-08
0.0386529     	5.382017e-04	3.759841e-04	1.094632e-04	3.631212e-04	6.497100e-08
0.0387246     	5.645845e-04	3.760183e-04	1.094064e-04	3.625209e-04	6.498229e-08
0.0387962     	5.573285e-04	3.760457e-04	1.093773e-04	3.619906e-04	6.495885e-08
0.0388679     	5.767168e-04	3.762291e-04	1.093917e-04	3.616320e-04	6.497655e-08
0.0389395     	6.050226e-04	3.766129e-04	1.094449e-04	3.613880e-04	6.499694e-08
0.0390112     	5.882470e-04	3.770893e-04	1.095192e-04	3.612860e-04	6.502127e-08
0.039083      	5.655518e-04	3.776611e-04	1.096205e-04	3.612924e-04	6.504855e-08
0.0391549     	5.634892e-04	3.781403e-04	1.097078e-04	3.611746e-04	6.506298e-08
0.0392267     	5.402942e-04	3.785427e-04	1.097669e-04	3.610000e-04	6.509959e-08
0.0392986     	5.500471e-04	3.788659e-04	1.097813e-04	3.607084e-04	6.513887e-08
0.0393706     	5.900825e-04	3.791110e-04	1.097830e-04	3.603524e-04	6.518086e-08
0.0394425     	5.441351e-04	3.792601e-04	1.097682e-04	3.599478e-04	6.522521e-08
0.0395143     	5.470214e-04	3.792576e-04	1.097246e-04	3.595378e-04	6.527152e-08
0.0395862     	5.404602e-04	3.791809e-04	1.096856e-04	3.590915e-04	6.531906e-08
0.0396581     	5.845477e-04	3.791221e-04	1.096640e-04	3.587367e-04	6.536690e-08
0.0397299     	5.652062e-04	3.791660e-04	1.096516e-04	3.584407e-04	6.541497e-08
0.0398017     	5.596203e-04	3.792005e-04	1.096825e-04	3.582364e-04	6.546341e-08
0.0398736     	5.418406e-04	3.793707e-04	1.097471e-04	3.580941e-04	6.551395e-08
0.0399455     	5.390584e-04	3.796523e-04	1.098432e-04	3.580586e-04	6.556707e-08
0.0400175     	5.574729e-04	3.799615e-04	1.099340e-04	3.579818e-04	6.562120e-08
0.0400895     	5.716198e-04	3.802247e-04	1.099941e-04	3.578893e-04	6.567543e-08
0.0401615     	5.618028e-04	3.803992e-04	1.100370e-04	3.577127e-04	6.572771e-08
0.0402336     	5.489633e-04	3.805352e-04	1.100270e-04	3.574624e-04	6.577764e-08
0.0403056     	5.733658e-04	3.804665e-04	1.100003e-04	3.571134e-04	6.580860e-08
0.0403776     	5.392939e-04	3.803048e-04	1.099599e-04	3.566934e-04	6.585178e-08
0.0404496     	5.109373e-04	3.800693e-04	1.099072e-04	3.561827e-04	6.588041e-08
0.0405216     	5.622292e-04	3.797883e-04	1.098570e-04	3.556801e-04	6.591611e-08
0.0405935     	5.296273e-04	3.794794e-04	1.098070e-04	3.551487e-04	6.594525e-08
0.0406654     	5.480377e-04	3.792558e-04	1.098039e-04	3.546625e-04	6.596816e-08
0.0407373     	5.477103e-04	3.790512e-04	1.098072e-04	3.542191e-04	6.598972e-08
0.0408092     	5.740510e-04	3.789750e-04	1.098414e-04	3.539030e-04	6.601174e-08
0.0408811     	5.527163e-04	3.789205e-04	1.098742e-04	3.536272e-04	6.603105e-08
0.040953      	5.392263e-04	3.789569e-04	1.099177e-04	3.534070e-04	6.604934e-08
0.041025      	5.532016e-04	3.789687e-04	1.099598e-04	3.531377e-04	6.607534e-08
0.0410969     	5.612502e-04	3.788733e-04	1.099727e-04	3.528052e-04	6.609144e-08
0.0411689     	5.667421e-04	3.786753e-04	1.099722e-04	3.524089e-04	6.610630e-08
0.0412409     	5.673461e-04	3.783341e-04	1.099431e-04	3.518802e-04	6.612015e-08
0.0413128     	5.773866e-04	3.778740e-04	1.099004e-04	3.513249e-04	6.613313e-08
0.0413847     	5.549812e-04	3.774892e-04	1.098372e-04	3.507203e-04	6.614513e-08
0.0414566     	5.501971e-04	3.770453e-04	1.097816e-04	3.501209e-04	6.615597e-08
0.0415284     	5.439575e-04	3.766417e-04	1.097285e-04	3.495344e-04	6.617048e-08
0.0416002     	5.545528e-04	3.762926e-04	1.096935e-04	3.489325e-04	6.617846e-08
0.041672      	5.520987e-04	3.760857e-04	1.096807e-04	3.484435e-04	6.618499e-08
0.0417438     	5.489536e-04	3.759516e-04	1.096918e-04	3.480290e-04	6.619060e-08
0.0418155     	5.494269e-04	3.758671e-04	1.097010e-04	3.476015e-04	6.619577e-08
0.0418873     	5.758968e-04	3.757980e-04	1.097004e-04	3.472564e-04	6.620050e-08
0.0419592     	5.820584e-04	3.756744e-04	1.097136e-04	3.468553e-04	6.620340e-08
0.042031      	5.469835e-04	3.755528e-04	1.097090e-04	3.464640e-04	6.620733e-08
0.0421028     	5.561184e-04	3.753496e-04	1.096850e-04	3.460171e-04	6.621069e-08
0.0421746     	5.863829e-04	3.751473e-04	1.096619e-04	3.455174e-04	6.620007e-08
0.0422464     	5.551651e-04	3.748815e-04	1.096313e-04	3.449369e-04	6.620346e-08
0.0423181     	5.691981e-04	3.745767e-04	1.095786e-04	3.444026e-04	6.620696e-08
0.0423898     	5.689855e-04	3.742432e-04	1.095390e-04	3.438459e-04	6.621060e-08
0.0424615     	5.843951e-04	3.739622e-04	1.094866e-04	3.433303e-04	6.618709e-08
0.0425331     	5.414696e-04	3.736958e-04	1.094584e-04	3.428260e-04	6.619057e-08
0.0426048     	5.645480e-04	3.735140e-04	1.094644e-04	3.423975e-04	6.619425e-08
0.0426764     	5.262765e-04	3.733343e-04	1.094706e-04	3.420463e-04	6.616245e-08
0.042748      	5.472618e-04	3.732545e-04	1.095304e-04	3.417298e-04	6.616655e-08
0.0428197     	5.514154e-04	3.732104e-04	1.095692e-04	3.413878e-04	6.617171e-08
0.0428914     	5.554257e-04	3.731918e-04	1.096241e-04	3.410775e-04	6.617747e-08
0.0429631     	5.486784e-04	3.731768e-04	1.096565e-04	3.408319e-04	6.614254e-08
0.0430348     	5.543830e-04	3.731179e-04	1.097228e-04	3.405935e-04	6.614949e-08
0.0431065     	5.520682e-04	3.730653e-04	1.097421e-04	3.403106e-04	6.615669e-08
0.0431782     	5.742899e-04	3.730119e-04	1.097430e-04	3.399560e-04	6.616470e-08
0.0432498     	5.584684e-04	3.729066e-04	1.097421e-04	3.395447e-04	6.617301e-08
0.0433215     	5.530792e-04	3.727755e-04	1.097249e-04	3.391652e-04	6.613297e-08
0.0433931     	5.670429e-04	3.726458e-04	1.097366e-04	3.388780e-04	6.614279e-08
0.0434648     	5.714375e-04	3.725932e-04	1.097131e-04	3.386107e-04	6.615300e-08
0.0435364     	5.558392e-04	3.725996e-04	1.097349e-04	3.384074e-04	6.616367e-08
0.043608      	5.356596e-04	3.726233e-04	1.097517e-04	3.381953e-04	6.617491e-08
0.0436797     	5.269348e-04	3.726863e-04	1.097557e-04	3.379850e-04	6.618693e-08
0.0437513     	5.149625e-04	3.728407e-04	1.097907e-04	3.378250e-04	6.619993e-08
0.043823      	5.406065e-04	3.730147e-04	1.098517e-04	3.376791e-04	6.621414e-08
0.0438947     	5.509731e-04	3.731007e-04	1.098908e-04	3.375501e-04	6.622936e-08
0.0439664     	5.352383e-04	3.731557e-04	1.099374e-04	3.374330e-04	6.624551e-08
0.0440381     	5.499436e-04	3.732154e-04	1.099707e-04	3.373116e-04	6.626300e-08
0.0441099     	5.311817e-04	3.732724e-04	1.099991e-04	3.371558e-04	6.628120e-08
0.0441816     	5.308072e-04	3.733099e-04	1.100164e-04	3.369849e-04	6.630009e-08
0.0442534     	5.495124e-04	3.732690e-04	1.100348e-04	3.367300e-04	6.631963e-08
0.0443251     	6.148810e-04	3.732167e-04	1.100793e-04	3.365653e-04	6.633986e-08
0.0443968     	5.376835e-04	3.731399e-04	1.101195e-04	3.363820e-04	6.636052e-08
0.0444686     	5.368884e-04	3.731637e-04	1.101678e-04	3.362418e-04	6.638192e-08
0.0445403     	5.578806e-04	3.731400e-04	1.101921e-04	3.361215e-04	6.640388e-08
0.0446121     	5.541410e-04	3.732143e-04	1.102267e-04	3.360293e-04	6.642654e-08
0.0446838     	5.309232e-04	3.732627e-04	1.102771e-04	3.360168e-04	6.644989e-08
0.0447556     	5.222756e-04	3.734085e-04	1.103584e-04	3.359613e-04	6.647392e-08
0.0448274     	5.409215e-04	3.735026e-04	1.104005e-04	3.358410e-04	6.649854e-08
0.0448992     	5.839536e-04	3.735459e-04	1.104419e-04	3.356928e-04	6.652389e-08
0.0449711     	5.495795e-04	3.735844e-04	1.104946e-04	3.355787e-04	6.654947e-08
0.0450429     	5.958605e-04	3.736278e-04	1.105401e-04	3.355135e-04	6.657562e-08
0.0451147     	5.214857e-04	3.735825e-04	1.105407e-04	3.354628e-04	6.660221e-08
0.0451866     	5.145081e-04	3.735385e-04	1.105683e-04	3.353885e-04	6.662907e-08
0.0452584     	5.296526e-04	3.735196e-04	1.105917e-04	3.353111e-04	6.665623e-08
0.0453303     	5.601957e-04	3.734967e-04	1.106629e-04	3.352030e-04	6.668384e-08
0.0454021     	5.470674e-04	3.734814e-04	1.106739e-04	3.350930e-04	6.671188e-08
0.045474      	5.347644e-04	3.735103e-04	1.107129e-04	3.349575e-04	6.674005e-08
0.0455458     	5.632343e-04	3.735307e-04	1.107351e-04	3.348827e-04	6.676819e-08
0.0456177     	5.210348e-04	3.735219e-04	1.107528e-04	3.347265e-04	6.679616e-08
0.0456896     	5.440626e-04	3.734753e-04	1.107816e-04	3.346749e-04	6.682356e-08
0.0457614     	5.528718e-04	3.733981e-04	1.108444e-04	3.346045e-04	6.685084e-08
0.0458333     	5.516240e-04	3.733240e-04	1.108787e-04	3.344978e-04	6.687819e-08
0.0459052     	5.486897e-04	3.733137e-04	1.108958e-04	3.343369e-04	6.690584e-08
0.045977      	5.559168e-04	3.733075e-04	1.109590e-04	3.342330e-04	6.693318e-08
0.0460489     	5.888890e-04	3.732907e-04	1.109756e-04	3.341389e-04	6.696064e-08
0.0461208     	5.716709e-04	3.732748e-04	1.109884e-04	3.340491e-04	6.698774e-08
0.0461926     	5.550591e-04	3.732484e-04	1.110110e-04	3.339475e-04	6.701471e-08
0.0462645     	5.699892e-04	3.732587e-04	1.110541e-04	3.338923e-04	6.704189e-08
0.0463363     	5.519210e-04	3.732747e-04	1.110676e-04	3.337762e-04	6.706934e-08
0.0464082     	5.799576e-04	3.732540e-04	1.110871e-04	3.336639e-04	6.709654e-08
0.04648       	5.411158e-04	3.732397e-04	1.111195e-04	3.335955e-04	6.712337e-08
0.0465518     	5.885876e-04	3.732911e-04	1.111752e-04	3.335181e-04	6.714979e-08
0.0466236     	5.537435e-04	3.733233e-04	1.111930e-04	3.334249e-04	6.717613e-08
0.0466954     	5.411038e-04	3.733831e-04	1.112064e-04	3.333725e-04	6.720221e-08
0.0467672     	6.053623e-04	3.734800e-04	1.112481e-04	3.333241e-04	6.722824e-08
0.046839      	5.498134e-04	3.735287e-04	1.112671e-04	3.332685e-04	6.725367e-08
0.0469108     	5.536585e-04	3.735331e-04	1.113077e-04	3.332378e-04	6.727881e-08
0.0469825     	5.734416e-04	3.734466e-04	1.113354e-04	3.331942e-04	6.730390e-08
0.0470543     	5.794383e-04	3.733490e-04	1.113628e-04	3.331430e-04	6.732890e-08
0.047126      	5.773209e-04	3.733016e-04	1.113905e-04	3.331512e-04	6.735412e-08
0.0471978     	5.525126e-04	3.732621e-04	1.114129e-04	3.331688e-04	6.737960e-08
0.0472695     	5.491561e-04	3.732098e-04	1.114310e-04	3.332183e-04	6.740531e-08
0.0473412     	5.451639e-04	3.731972e-04	1.114769e-04	3.332862e-04	6.743073e-08
0.0474129     	5.597695e-04	3.732347e-04	1.115013e-04	3.333638e-04	6.745605e-08
0.0474846     	5.640334e-04	3.733291e-04	1.115304e-04	3.334208e-04	6.748147e-08
0.0475563     	5.793210e-04	3.734890e-04	1.115731e-04	3.334769e-04	6.750673e-08
0.0476279     	5.977812e-04	3.736156e-04	1.116138e-04	3.335680e-04	6.753214e-08
0.0476996     	5.721009e-04	3.737234e-04	1.116572e-04	3.336897e-04	6.755762e-08
0.0477712     	5.932268e-04	3.738888e-04	1.117099e-04	3.338427e-04	6.758320e-08
0.0478429     	5.818900e-04	3.739855e-04	1.117403e-04	3.339690e-04	6.760910e-08
0.0479145     	5.790714e-04	3.740929e-04	1.117857e-04	3.341110e-04	6.763522e-08
0.0479861     	5.822765e-04	3.741987e-04	1.118244e-04	3.342398e-04	6.766136e-08
0.0480578     	5.624927e-04	3.743885e-04	1.118784e-04	3.343657e-04	6.768767e-08
0.0481294     	6.005059e-04	3.745749e-04	1.119428e-04	3.344956e-04	6.771390e-08
0.048201      	5.730693e-04	3.747437e-04	1.119742e-04	3.346640e-04	6.774027e-08
0.0482726     	6.025310e-04	3.748681e-04	1.120489e-04	3.348000e-04	6.776720e-08
0.0483442     	5.934541e-04	3.749577e-04	1.121099e-04	3.349565e-04	6.779409e-08
0.0484158     	5.953483e-04	3.750723e-04	1.121719e-04	3.350632e-04	6.782052e-08
0.0484874     	6.085607e-04	3.751638e-04	1.122107e-04	3.352066e-04	6.784693e-08
0.048559      	6.170199e-04	3.752560e-04	1.122743e-04	3.353308e-04	6.787380e-08
0.0486306     	6.188510e-04	3.753731e-04	1.123547e-04	3.355627e-04	6.790066e-08
0.0487022     	5.961478e-04	3.754720e-04	1.124186e-04	3.356736e-04	6.792753e-08
0.0487738     	5.885412e-04	3.756074e-04	1.124883e-04	3.357781e-04	6.795445e-08
0.0488454     	5.881469e-04	3.757199e-04	1.125497e-04	3.359066e-04	6.798160e-08
0.048917      	5.554606e-04	3.758132e-04	1.126348e-04	3.359968e-04	6.793856e-08
0.0489886     	6.244998e-04	3.758836e-04	1.126852e-04	3.361124e-04	6.796549e-08
0.0490602     	5.919168e-04	3.759893e-04	1.127740e-04	3.362437e-04	6.799256e-08
0.0491318     	6.222142e-04	3.760927e-04	1.128533e-04	3.363750e-04	6.801977e-08
0.0492034     	6.072427e-04	3.762048e-04	1.129216e-04	3.364857e-04	6.804690e-08
0.0492751     	5.876042e-04	3.763540e-04	1.129961e-04	3.365718e-04	6.807422e-08
0.0493467     	6.258649e-04	3.765063e-04	1.130662e-04	3.366459e-04	6.810169e-08
