# Probe 0 (0.128 0.01 0.01)
# Time        0            
0             (0 0 0)      
4.95555e-05   (-1.30713 0.024271 -0.338004)
9.65949e-05   (-1.94816 -0.074362 -0.382963)
0.000148559   (-2.62078 -0.143601 -0.261061)
0.000204734   (-3.19272 -0.134876 -0.0264693)
0.000263291   (-3.60223 -0.0652519 0.222705)
0.000323826   (-3.86754 0.0271262 0.435041)
0.000386333   (-4.02825 0.105739 0.596472)
0.000450692   (-4.11102 0.163745 0.708797)
0.000516493   (-4.13421 0.196663 0.779262)
0.000582279   (-4.11473 0.204548 0.816248)
0.000646827   (-4.06657 0.19427 0.829583)
0.000710045   (-4.00005 0.173349 0.827919)
0.000772102   (-3.92099 0.148036 0.817428)
0.000833109   (-3.82986 0.122825 0.80478)
0.000893273   (-3.72606 0.101107 0.792721)
0.000952873   (-3.61139 0.0837525 0.780626)
0.00101195    (-3.49054 0.0717526 0.766557)
0.00107026    (-3.36965 0.0646789 0.748834)
0.00112733    (-3.25458 0.0607035 0.727165)
0.00118392    (-3.14705 0.0573904 0.70096)
0.00123999    (-3.04812 0.0534304 0.670783)
0.00129571    (-2.95721 0.0479167 0.637408)
0.00135144    (-2.87261 0.0403408 0.602129)
0.00140754    (-2.79285 0.0314749 0.566124)
0.00146419    (-2.71783 0.0228496 0.53011)
0.0015212     (-2.64862 0.0155795 0.496136)
0.00157846    (-2.58503 0.0112486 0.465638)
0.0016364     (-2.52521 0.0126121 0.438446)
0.00169562    (-2.46864 0.021689 0.413459)
0.00175468    (-2.4167 0.0390507 0.389597)
0.00181401    (-2.36939 0.0633908 0.365661)
0.0018738     (-2.32693 0.093817 0.340868)
0.00193411    (-2.28998 0.129095 0.315237)
0.00199484    (-2.25853 0.167426 0.28918)
0.00205592    (-2.23279 0.206803 0.263181)
0.00211735    (-2.21338 0.250865 0.235208)
0.00217911    (-2.20184 0.295844 0.205616)
0.0022412     (-2.19935 0.339602 0.17434)
0.00230359    (-2.20665 0.380062 0.142792)
0.00236617    (-2.22565 0.412226 0.110957)
0.00242877    (-2.25502 0.436719 0.0819388)
0.00249128    (-2.29399 0.451074 0.0568224)
0.00255347    (-2.33998 0.456509 0.0390983)
0.00261518    (-2.38849 0.452494 0.0309002)
0.00267644    (-2.43439 0.441697 0.0335557)
0.00273744    (-2.47425 0.428551 0.0472085)
0.00279833    (-2.5062 0.417217 0.0689133)
0.0028595     (-2.53132 0.410852 0.0943816)
0.00292064    (-2.55112 0.411413 0.119996)
0.00298172    (-2.56681 0.417183 0.142618)
0.0030429     (-2.58069 0.426067 0.161105)
0.00310435    (-2.59501 0.434755 0.174191)
0.00316548    (-2.61115 0.439381 0.181368)
0.00322581    (-2.62886 0.436552 0.184169)
0.00328572    (-2.64738 0.424887 0.185505)
0.00334521    (-2.66475 0.405736 0.189511)
0.00340426    (-2.67957 0.384228 0.199521)
0.00346307    (-2.6915 0.369132 0.216448)
0.00352169    (-2.70163 0.371009 0.238606)
0.00357978    (-2.71255 0.398696 0.261238)
0.00363711    (-2.72751 0.459474 0.278402)
0.00369352    (-2.74881 0.5551 0.282565)
0.00374934    (-2.78173 0.68252 0.266052)
0.00380525    (-2.83203 0.834403 0.220241)
0.00386155    (-2.90499 1.00006 0.139465)
0.00391863    (-3.00293 1.16656 0.0217572)
0.00397671    (-3.12446 1.31777 -0.134836)
0.00403589    (-3.26782 1.44086 -0.316758)
0.00409642    (-3.42745 1.52811 -0.515314)
0.00415844    (-3.60962 1.5753 -0.714771)
0.00422121    (-3.82021 1.58494 -0.901299)
0.00428493    (-4.06272 1.55766 -1.05672)
0.00435057    (-4.34346 1.49493 -1.16846)
0.00441818    (-4.66312 1.40952 -1.21539)
0.00448684    (-5.00897 1.3275 -1.18242)
0.00455619    (-5.36158 1.27517 -1.07458)
0.004626      (-5.70669 1.27429 -0.91626)
0.0046961     (-6.01904 1.32771 -0.736693)
0.00476629    (-6.289 1.42026 -0.553598)
0.00483652    (-6.51164 1.546 -0.388452)
0.00490685    (-6.68613 1.69011 -0.250296)
0.00497733    (-6.81649 1.83551 -0.147847)
0.00504804    (-6.90638 1.96814 -0.0827201)
0.00511853    (-6.96131 2.07986 -0.0511295)
0.00518862    (-6.98841 2.16497 -0.0462029)
0.00525843    (-6.99453 2.22243 -0.0603999)
0.00532805    (-6.98514 2.25436 -0.0878278)
0.0053976     (-6.96389 2.2626 -0.121532)
0.00546717    (-6.93745 2.25056 -0.156859)
0.00553681    (-6.90909 2.22278 -0.189054)
0.00560664    (-6.88221 2.1836 -0.214673)
0.00567675    (-6.85908 2.13739 -0.231417)
0.00574732    (-6.83954 2.08865 -0.238081)
0.00581849    (-6.82336 2.04138 -0.235124)
0.00589043    (-6.81036 1.99972 -0.224839)
0.00596241    (-6.79983 1.96755 -0.209972)
0.00603391    (-6.78931 1.94799 -0.193687)
0.00610493    (-6.77833 1.94154 -0.179844)
0.00617551    (-6.76975 1.94904 -0.173417)
0.00624565    (-6.76983 1.96744 -0.177789)
0.00631546    (-6.78504 1.99264 -0.194135)
0.00638491    (-6.8167 2.02293 -0.22044)
0.00645401    (-6.8626 2.05714 -0.255348)
0.00652292    (-6.91985 2.09596 -0.298295)
0.00659179    (-6.98465 2.1384 -0.349608)
0.0066607     (-7.05631 2.18293 -0.415064)
0.00672976    (-7.13348 2.2278 -0.499571)
0.00679904    (-7.21374 2.27214 -0.604102)
0.00686853    (-7.28994 2.31713 -0.728605)
0.00693823    (-7.35445 2.36465 -0.873413)
0.00700814    (-7.40067 2.41538 -1.03662)
0.00707824    (-7.42344 2.47116 -1.21465)
0.0071485     (-7.42342 2.52797 -1.40314)
0.00721896    (-7.40194 2.58379 -1.59584)
0.00728961    (-7.36454 2.63744 -1.78308)
0.00736044    (-7.31912 2.68582 -1.95589)
0.00743145    (-7.27261 2.72119 -2.10483)
0.00750263    (-7.23554 2.74217 -2.22227)
0.00757399    (-7.20886 2.74964 -2.30406)
0.0076455     (-7.18777 2.74504 -2.34793)
0.0077171     (-7.16629 2.73011 -2.35519)
0.00778868    (-7.13949 2.70873 -2.33152)
0.00786019    (-7.10702 2.68391 -2.28687)
0.00793159    (-7.07068 2.65507 -2.23265)
0.00800294    (-7.03401 2.61913 -2.1796)
0.00807431    (-7.00267 2.5704 -2.13484)
0.00814581    (-6.98108 2.50328 -2.10087)
0.00821749    (-6.97312 2.41466 -2.07546)
0.00828934    (-6.9825 2.30411 -2.05165)
0.0083613     (-7.01415 2.1758 -2.01789)
0.00843337    (-7.07275 2.03747 -1.96309)
0.00850553    (-7.16268 1.89942 -1.88007)
0.00857777    (-7.28659 1.77892 -1.76868)
0.00865005    (-7.4464 1.68647 -1.63652)
0.00872237    (-7.63679 1.62991 -1.49688)
0.00879467    (-7.84513 1.61477 -1.36542)
0.00886692    (-8.05534 1.64586 -1.25604)
0.00893911    (-8.25107 1.72176 -1.18221)
0.00901124    (-8.41687 1.84246 -1.15126)
0.00908339    (-8.54153 1.99804 -1.16578)
0.00915561    (-8.61978 2.16951 -1.22211)
0.00922798    (-8.64901 2.33827 -1.31023)
0.0093005     (-8.6371 2.47933 -1.41838)
0.00937315    (-8.59282 2.57985 -1.53007)
0.00944592    (-8.52259 2.63348 -1.63221)
0.00951881    (-8.43393 2.63837 -1.71404)
0.0095918     (-8.33273 2.60162 -1.77036)
0.00966473    (-8.22526 2.53498 -1.79853)
0.00973763    (-8.11625 2.45167 -1.80074)
0.00981052    (-8.00904 2.36476 -1.78206)
0.00988344    (-7.90626 2.28498 -1.75124)
0.0099564     (-7.80907 2.2203 -1.71774)
0.0100294     (-7.71657 2.17698 -1.69075)
0.0101025     (-7.62532 2.15902 -1.67863)
0.0101755     (-7.53094 2.16852 -1.68881)
0.0102486     (-7.43143 2.20487 -1.72769)
0.0103216     (-7.32434 2.26523 -1.79795)
0.0103946     (-7.20728 2.34468 -1.89862)
0.0104675     (-7.08071 2.43554 -2.02587)
0.0105404     (-6.94788 2.52989 -2.17408)
0.0106131     (-6.81329 2.62037 -2.33485)
0.0106859     (-6.67763 2.70068 -2.49824)
0.0107586     (-6.54743 2.76843 -2.65721)
0.0108313     (-6.42921 2.82262 -2.80769)
0.010904      (-6.32523 2.85953 -2.94443)
0.0109767     (-6.23661 2.88095 -3.06364)
0.0110495     (-6.16517 2.892 -3.1624)
0.0111224     (-6.11243 2.89656 -3.23884)
0.0111953     (-6.07827 2.89574 -3.29262)
0.0112684     (-6.06026 2.89368 -3.32701)
0.0113417     (-6.05747 2.89205 -3.34691)
0.0114152     (-6.0687 2.89119 -3.35679)
0.0114891     (-6.09313 2.88966 -3.35944)
0.0115633     (-6.13115 2.88639 -3.35555)
0.0116379     (-6.18438 2.88149 -3.34756)
0.0117129     (-6.25271 2.87561 -3.33911)
0.0117884     (-6.33315 2.86959 -3.33145)
0.0118641     (-6.42009 2.86545 -3.32592)
0.0119398     (-6.50796 2.86605 -3.32444)
0.0120155     (-6.59245 2.87238 -3.32927)
0.0120912     (-6.67044 2.88312 -3.34265)
0.0121669     (-6.73906 2.89565 -3.36611)
0.0122427     (-6.79706 2.90615 -3.40055)
0.0123184     (-6.84582 2.91034 -3.4462)
0.0123942     (-6.88736 2.90461 -3.5023)
0.0124699     (-6.92474 2.88642 -3.56783)
0.0125456     (-6.96201 2.85509 -3.64235)
0.0126213     (-7.00307 2.81205 -3.7269)
0.012697      (-7.04941 2.76145 -3.82341)
0.0127726     (-7.10122 2.7093 -3.93469)
0.0128483     (-7.15608 2.66414 -4.06278)
0.0129239     (-7.20944 2.63529 -4.20745)
0.0129994     (-7.25494 2.63118 -4.3664)
0.0130749     (-7.2846 2.65761 -4.53545)
0.0131503     (-7.29107 2.71519 -4.7072)
0.0132257     (-7.26895 2.80025 -4.87155)
0.0133011     (-7.2177 2.903 -5.01588)
0.0133764     (-7.14269 3.01052 -5.12862)
0.0134518     (-7.05405 3.10894 -5.20117)
0.0135273     (-6.96103 3.18718 -5.23003)
0.0136027     (-6.87214 3.23903 -5.21605)
0.0136778     (-6.79303 3.26144 -5.16298)
0.0137526     (-6.72583 3.25527 -5.07641)
0.0138272     (-6.67062 3.22359 -4.96282)
0.0139017     (-6.62659 3.17156 -4.82905)
0.0139762     (-6.59319 3.10469 -4.68136)
0.0140509     (-6.57226 3.02995 -4.52176)
0.0141256     (-6.5661 2.9546 -4.35029)
0.0142004     (-6.57471 2.88497 -4.16736)
0.0142751     (-6.59628 2.82576 -3.97572)
0.0143498     (-6.62931 2.77963 -3.77945)
0.0144243     (-6.67234 2.74657 -3.58207)
0.0144987     (-6.72463 2.72454 -3.38619)
0.014573      (-6.78581 2.71042 -3.19319)
0.0146473     (-6.85523 2.70152 -3.00237)
0.0147214     (-6.9316 2.69518 -2.81254)
0.0147955     (-7.01376 2.68935 -2.6229)
0.0148695     (-7.10021 2.68222 -2.43323)
0.0149434     (-7.19009 2.67324 -2.2433)
0.0150172     (-7.28226 2.66193 -2.0528)
0.0150909     (-7.37533 2.65027 -1.86377)
0.0151645     (-7.46833 2.63855 -1.6794)
0.0152379     (-7.56096 2.62698 -1.50299)
0.0153111     (-7.65379 2.61512 -1.33548)
0.0153842     (-7.74461 2.60185 -1.17883)
0.0154573     (-7.83402 2.58515 -1.03472)
0.0155302     (-7.91938 2.56719 -0.904044)
0.0156031     (-7.99937 2.54821 -0.785622)
0.015676      (-8.07374 2.52966 -0.680292)
0.0157487     (-8.14267 2.5092 -0.588647)
0.0158214     (-8.20657 2.48764 -0.511215)
0.015894      (-8.26379 2.46625 -0.447571)
0.0159665     (-8.31449 2.44598 -0.398672)
0.0160389     (-8.35819 2.42766 -0.364471)
0.0161112     (-8.39654 2.41077 -0.344294)
0.0161834     (-8.43106 2.39454 -0.336184)
0.0162556     (-8.46228 2.37807 -0.337266)
0.0163279     (-8.48979 2.36062 -0.34519)
0.0164002     (-8.5131 2.34149 -0.357823)
0.0164725     (-8.53181 2.3203 -0.372748)
0.016545      (-8.54609 2.29714 -0.387634)
0.0166175     (-8.55629 2.27252 -0.401043)
0.0166901     (-8.56223 2.24747 -0.412593)
0.0167628     (-8.56492 2.22296 -0.423115)
0.0168355     (-8.56561 2.19906 -0.434592)
0.0169083     (-8.5665 2.17495 -0.448922)
0.0169813     (-8.56916 2.15033 -0.466779)
0.0170543     (-8.57345 2.12563 -0.488016)
0.0171273     (-8.57849 2.10162 -0.512177)
0.0172005     (-8.5833 2.07948 -0.53918)
0.0172737     (-8.58704 2.05992 -0.569107)
0.017347      (-8.58927 2.043 -0.601935)
0.0174203     (-8.59025 2.02788 -0.636796)
0.0174936     (-8.59032 2.01393 -0.672503)
0.017567      (-8.58931 1.99989 -0.706719)
0.0176404     (-8.58687 1.98485 -0.737057)
0.0177138     (-8.58247 1.96779 -0.762108)
0.0177873     (-8.57581 1.94704 -0.780939)
0.0178608     (-8.56698 1.92306 -0.792846)
0.0179344     (-8.55634 1.89587 -0.798174)
0.0180079     (-8.54419 1.86517 -0.798423)
0.0180815     (-8.53077 1.83053 -0.795729)
0.018155      (-8.51631 1.79215 -0.791487)
0.0182286     (-8.50071 1.75107 -0.787658)
0.0183021     (-8.48382 1.70865 -0.786205)
0.0183755     (-8.46522 1.66594 -0.787964)
0.018449      (-8.44452 1.62313 -0.792793)
0.0185224     (-8.42118 1.58243 -0.801065)
0.0185957     (-8.39508 1.54425 -0.813875)
0.0186689     (-8.36754 1.50878 -0.829715)
0.0187421     (-8.3387 1.47602 -0.845801)
0.0188152     (-8.30827 1.44614 -0.860915)
0.0188882     (-8.27628 1.41895 -0.874384)
0.0189612     (-8.24291 1.39382 -0.885688)
0.019034      (-8.20849 1.37018 -0.89419)
0.0191067     (-8.17334 1.34767 -0.899368)
0.0191794     (-8.13767 1.32577 -0.900951)
0.019252      (-8.10209 1.30404 -0.898827)
0.0193245     (-8.06699 1.28202 -0.893009)
0.0193969     (-8.03221 1.25899 -0.883627)
0.0194692     (-7.9983 1.2349 -0.870661)
0.0195415     (-7.96559 1.20965 -0.854024)
0.0196138     (-7.93468 1.18313 -0.833557)
0.019686      (-7.90586 1.15575 -0.809109)
0.0197581     (-7.87898 1.1272 -0.780607)
0.0198303     (-7.85344 1.09869 -0.748686)
0.0199024     (-7.82931 1.06973 -0.713549)
0.0199745     (-7.80593 1.04088 -0.675824)
0.0200465     (-7.78299 1.01216 -0.636909)
0.0201186     (-7.75989 0.983948 -0.597925)
0.0201906     (-7.73658 0.956251 -0.559496)
0.0202626     (-7.71506 0.929166 -0.521616)
0.0203345     (-7.69437 0.904004 -0.484558)
0.0204063     (-7.67507 0.879143 -0.449264)
0.0204781     (-7.65828 0.854085 -0.416163)
0.0205498     (-7.64452 0.828829 -0.385074)
0.0206215     (-7.63302 0.803904 -0.355769)
0.0206931     (-7.62306 0.779026 -0.325631)
0.0207647     (-7.61397 0.754297 -0.295831)
0.0208362     (-7.60529 0.729844 -0.267148)
0.0209077     (-7.5963 0.706017 -0.23937)
0.0209792     (-7.58707 0.682793 -0.212823)
0.0210506     (-7.57776 0.660333 -0.188092)
0.021122      (-7.56784 0.637971 -0.164864)
0.0211934     (-7.55809 0.616355 -0.143244)
0.0212647     (-7.54836 0.595863 -0.124086)
0.021336      (-7.53804 0.576221 -0.107381)
0.0214073     (-7.52746 0.557206 -0.0930633)
0.0214785     (-7.51657 0.539082 -0.0814336)
0.0215497     (-7.50526 0.522003 -0.0726194)
0.0216209     (-7.49383 0.505805 -0.0664435)
0.0216921     (-7.48225 0.490293 -0.0627488)
0.0217632     (-7.47067 0.475427 -0.0612542)
0.0218343     (-7.45909 0.462497 -0.0621857)
0.0219054     (-7.44749 0.449819 -0.0648956)
0.0219766     (-7.43595 0.437732 -0.0689546)
0.0220477     (-7.42443 0.426187 -0.0741731)
0.0221188     (-7.41288 0.415308 -0.0808323)
0.02219       (-7.40123 0.40497 -0.0881167)
0.0222611     (-7.38945 0.395318 -0.0959448)
0.0223323     (-7.37749 0.386476 -0.104335)
0.0224036     (-7.36524 0.378128 -0.113417)
0.0224748     (-7.35257 0.370334 -0.123187)
0.0225462     (-7.33949 0.363222 -0.133664)
0.0226175     (-7.32609 0.356885 -0.144864)
0.022689      (-7.31257 0.351355 -0.15695)
0.0227604     (-7.29911 0.346668 -0.170013)
0.022832      (-7.28575 0.342782 -0.184062)
0.0229036     (-7.27264 0.339781 -0.199085)
0.0229752     (-7.25993 0.337636 -0.215154)
0.0230469     (-7.24745 0.335381 -0.231533)
0.0231187     (-7.2349 0.333912 -0.248306)
0.0231904     (-7.22234 0.333584 -0.265851)
0.0232623     (-7.21008 0.334026 -0.284204)
0.0233341     (-7.19825 0.334973 -0.30365)
0.023406      (-7.18663 0.33648 -0.3232)
0.0234779     (-7.17504 0.338056 -0.341987)
0.0235498     (-7.16328 0.340578 -0.360735)
0.0236218     (-7.15121 0.343342 -0.37929)
0.0236937     (-7.13872 0.34644 -0.397773)
0.0237657     (-7.1258 0.350077 -0.416145)
0.0238376     (-7.11252 0.354296 -0.434071)
0.0239096     (-7.09897 0.359048 -0.451224)
0.0239814     (-7.0847 0.364188 -0.467744)
0.0240533     (-7.07031 0.369551 -0.483585)
0.0241251     (-7.05624 0.375116 -0.498727)
0.024197      (-7.04265 0.380905 -0.512572)
0.0242688     (-7.02928 0.386592 -0.525349)
0.0243406     (-7.01561 0.391693 -0.536785)
0.0244125     (-7.00109 0.396287 -0.546461)
0.0244844     (-6.98591 0.400288 -0.554063)
0.0245563     (-6.97051 0.403708 -0.559579)
0.0246282     (-6.95506 0.406894 -0.563046)
0.0247001     (-6.93919 0.410256 -0.56443)
0.0247719     (-6.92278 0.413906 -0.563787)
0.0248436     (-6.90645 0.417761 -0.561576)
0.0249153     (-6.89152 0.42147 -0.558268)
0.0249869     (-6.87961 0.42445 -0.554093)
0.0250584     (-6.8717 0.426198 -0.548478)
0.0251298     (-6.86715 0.426659 -0.540208)
0.0252013     (-6.864 0.426231 -0.528414)
0.0252727     (-6.86096 0.425478 -0.513027)
0.0253441     (-6.85692 0.424614 -0.495031)
0.0254156     (-6.85206 0.423519 -0.475611)
0.0254871     (-6.84719 0.421971 -0.455356)
0.0255585     (-6.84286 0.420028 -0.434435)
0.0256299     (-6.83944 0.417892 -0.412921)
0.0257013     (-6.83689 0.415852 -0.390999)
0.0257726     (-6.83543 0.414044 -0.368923)
0.0258439     (-6.83541 0.4125 -0.347484)
0.025915      (-6.83742 0.411001 -0.326984)
0.0259861     (-6.84213 0.408946 -0.306402)
0.0260572     (-6.8495 0.40578 -0.286005)
0.0261282     (-6.85871 0.403275 -0.265912)
0.0261993     (-6.86869 0.400027 -0.2465)
0.0262703     (-6.87889 0.396121 -0.228012)
0.0263414     (-6.88879 0.391823 -0.210168)
0.0264125     (-6.89793 0.386925 -0.192941)
0.0264836     (-6.9066 0.382058 -0.17694)
0.0265546     (-6.91473 0.377667 -0.162357)
0.0266257     (-6.92165 0.374271 -0.148667)
0.0266967     (-6.92763 0.371691 -0.136547)
0.0267676     (-6.93367 0.369651 -0.126718)
0.0268385     (-6.94108 0.367693 -0.119546)
0.0269094     (-6.95101 0.365217 -0.114732)
0.0269802     (-6.96329 0.361914 -0.111104)
0.0270511     (-6.9763 0.358153 -0.107365)
0.027122      (-6.98805 0.354527 -0.103195)
0.027193      (-6.99753 0.351363 -0.099071)
0.027264      (-7.00484 0.348651 -0.0955429)
0.027335      (-7.01041 0.346323 -0.0929236)
0.0274061     (-7.0147 0.344399 -0.0913412)
0.0274773     (-7.01806 0.343024 -0.0907719)
0.0275484     (-7.02069 0.342385 -0.0911128)
0.0276196     (-7.02271 0.34266 -0.0923593)
0.0276907     (-7.02446 0.343874 -0.0947167)
0.0277618     (-7.02657 0.345925 -0.0983483)
0.027833      (-7.02947 0.348666 -0.103141)
0.0279041     (-7.03315 0.351897 -0.108956)
0.0279754     (-7.0372 0.35532 -0.115707)
0.0280467     (-7.04104 0.358633 -0.123384)
0.0281181     (-7.04401 0.361643 -0.131432)
0.0281895     (-7.04569 0.36458 -0.139438)
0.028261      (-7.04579 0.367969 -0.147572)
0.0283326     (-7.04435 0.372212 -0.155948)
0.0284042     (-7.0412 0.377617 -0.164588)
0.0284757     (-7.03637 0.384555 -0.173709)
0.0285473     (-7.03067 0.39291 -0.184369)
0.0286188     (-7.02564 0.401543 -0.19718)
0.0286903     (-7.02294 0.410239 -0.212638)
0.0287618     (-7.0231 0.418425 -0.229385)
0.0288333     (-7.02516 0.425887 -0.245756)
0.0289049     (-7.0269 0.433122 -0.260794)
0.0289765     (-7.02626 0.440742 -0.274716)
0.0290482     (-7.02292 0.448358 -0.287876)
0.02912       (-7.01726 0.457611 -0.300771)
0.0291918     (-7.00967 0.467156 -0.314498)
0.0292637     (-7.00078 0.476545 -0.32832)
0.0293355     (-6.99099 0.4861 -0.341689)
0.0294074     (-6.98037 0.496015 -0.355334)
0.0294793     (-6.96897 0.506343 -0.369445)
0.0295511     (-6.95745 0.51696 -0.384026)
0.0296229     (-6.94691 0.527482 -0.398962)
0.0296946     (-6.93836 0.537532 -0.413948)
0.0297664     (-6.93178 0.546864 -0.428114)
0.0298382     (-6.92605 0.555601 -0.440386)
0.02991       (-6.91969 0.56389 -0.450455)
0.0299818     (-6.91191 0.571692 -0.458649)
0.0300537     (-6.90268 0.578874 -0.465211)
0.0301257     (-6.89246 0.585523 -0.47022)
0.0301976     (-6.88161 0.591938 -0.473602)
0.0302695     (-6.87033 0.598515 -0.475274)
0.0303414     (-6.85879 0.605424 -0.475419)
0.0304132     (-6.84755 0.612732 -0.474384)
0.0304849     (-6.83759 0.620146 -0.472522)
0.0305566     (-6.83007 0.627132 -0.470009)
0.0306283     (-6.82557 0.633281 -0.466435)
0.0306999     (-6.82333 0.638585 -0.460923)
0.0307715     (-6.82165 0.643289 -0.452968)
0.0308432     (-6.81926 0.64752 -0.442919)
0.0309149     (-6.81573 0.651126 -0.431383)
0.0309866     (-6.81137 0.653988 -0.418717)
0.0310583     (-6.80669 0.656288 -0.405128)
0.03113       (-6.80205 0.658403 -0.390768)
0.0312016     (-6.79753 0.660693 -0.376044)
0.0312732     (-6.79351 0.663267 -0.361451)
0.0313448     (-6.79054 0.665998 -0.347578)
0.0314162     (-6.7894 0.668642 -0.334857)
0.0314877     (-6.79105 0.670964 -0.322529)
0.031559      (-6.79564 0.672608 -0.310271)
0.0316304     (-6.80207 0.673812 -0.297999)
0.0317019     (-6.8088 0.674231 -0.284927)
0.0317733     (-6.81468 0.674376 -0.271825)
0.0318448     (-6.81924 0.674056 -0.259246)
0.0319164     (-6.82282 0.673416 -0.247241)
0.0319879     (-6.82584 0.673029 -0.235879)
0.0320594     (-6.82852 0.673295 -0.225474)
0.032131      (-6.83116 0.674401 -0.216441)
0.0322024     (-6.83449 0.676199 -0.209102)
0.0322738     (-6.83934 0.678399 -0.203572)
0.0323452     (-6.84639 0.680725 -0.199829)
0.0324165     (-6.85588 0.682982 -0.197445)
0.0324879     (-6.86721 0.685063 -0.19568)
0.0325593     (-6.87887 0.687154 -0.193957)
0.0326307     (-6.88947 0.689423 -0.192343)
0.0327023     (-6.89836 0.69186 -0.191167)
0.0327738     (-6.90562 0.694433 -0.190546)
0.0328455     (-6.91158 0.697387 -0.190466)
0.0329171     (-6.91634 0.701201 -0.190936)
0.0329887     (-6.92017 0.706114 -0.192348)
0.0330603     (-6.92402 0.712029 -0.195227)
0.0331318     (-6.92888 0.718631 -0.199642)
0.0332034     (-6.93542 0.725563 -0.205376)
0.0332748     (-6.9438 0.732645 -0.212095)
0.0333463     (-6.95358 0.739772 -0.219295)
0.0334179     (-6.96381 0.74699 -0.226425)
0.0334894     (-6.97312 0.75444 -0.233295)
0.0335611     (-6.98061 0.76199 -0.240231)
0.0336328     (-6.98617 0.769267 -0.247398)
0.0337046     (-6.99001 0.776279 -0.254764)
0.0337765     (-6.99258 0.783725 -0.262396)
0.0338483     (-6.99392 0.79213 -0.270451)
0.0339201     (-6.99461 0.801517 -0.279403)
0.0339919     (-6.99574 0.811426 -0.289847)
0.0340636     (-6.99824 0.821512 -0.301619)
0.0341353     (-7.00236 0.831409 -0.314151)
0.0342069     (-7.00784 0.841317 -0.326274)
0.0342786     (-7.01418 0.851094 -0.337741)
0.0343503     (-7.02031 0.860658 -0.348404)
0.0344221     (-7.02504 0.869926 -0.358922)
0.034494      (-7.02783 0.878889 -0.369359)
0.0345659     (-7.02871 0.887311 -0.379706)
0.0346378     (-7.02789 0.895306 -0.389817)
0.0347098     (-7.02566 0.903304 -0.399558)
0.0347818     (-7.02218 0.911759 -0.409046)
0.0348537     (-7.01812 0.920706 -0.418801)
0.0349256     (-7.01478 0.9297 -0.429095)
0.0349974     (-7.0129 0.938354 -0.439611)
0.0350691     (-7.01255 0.946493 -0.449706)
0.0351409     (-7.01333 0.954135 -0.459027)
0.0352126     (-7.01469 0.961276 -0.46727)
0.0352844     (-7.01564 0.967932 -0.47419)
0.0353562     (-7.01528 0.974054 -0.47985)
0.0354281     (-7.0134 0.979411 -0.484448)
0.0355001     (-7.00995 0.983865 -0.487927)
0.035572      (-7.00516 0.987624 -0.490159)
0.0356439     (-6.99927 0.991207 -0.491128)
0.0357159     (-6.99258 0.995044 -0.491087)
0.0357877     (-6.98591 0.999112 -0.490674)
0.0358595     (-6.9805 1.00298 -0.490216)
0.0359312     (-6.97705 1.00632 -0.489354)
0.0360028     (-6.97542 1.00905 -0.487616)
0.0360745     (-6.97522 1.01118 -0.484815)
0.0361461     (-6.97575 1.01269 -0.480745)
0.0362178     (-6.97591 1.01371 -0.47535)
0.0362895     (-6.97501 1.01408 -0.468867)
0.0363613     (-6.97298 1.01361 -0.46147)
0.0364331     (-6.96978 1.0124 -0.45315)
0.0365048     (-6.96569 1.01078 -0.443986)
0.0365766     (-6.9609 1.00929 -0.43419)
0.0366483     (-6.95584 1.00826 -0.424342)
0.03672       (-6.95161 1.0075 -0.415171)
0.0367916     (-6.94934 1.00658 -0.406813)
0.0368631     (-6.94928 1.0053 -0.398854)
0.0369346     (-6.95106 1.00354 -0.390932)
0.0370061     (-6.9541 1.00129 -0.382815)
0.0370776     (-6.9575 0.998476 -0.374127)
0.0371491     (-6.96029 0.995005 -0.364636)
0.0372207     (-6.96193 0.990722 -0.354443)
0.0372924     (-6.96219 0.985585 -0.343632)
0.037364      (-6.96106 0.97995 -0.331267)
0.0374357     (-6.95881 0.974818 -0.317383)
0.0375073     (-6.95553 0.970582 -0.302585)
0.0375788     (-6.95182 0.967355 -0.288554)
0.0376503     (-6.94885 0.96412 -0.276082)
0.0377218     (-6.94759 0.961142 -0.265211)
0.0377932     (-6.94792 0.958609 -0.255974)
0.0378646     (-6.94943 0.956215 -0.248616)
0.037936      (-6.95174 0.95393 -0.243229)
0.0380075     (-6.95407 0.951772 -0.239615)
0.038079      (-6.95577 0.94968 -0.237705)
0.0381506     (-6.95676 0.947493 -0.237272)
0.0382223     (-6.95703 0.945267 -0.237871)
0.0382941     (-6.95664 0.943287 -0.239079)
0.0383659     (-6.95584 0.942109 -0.240607)
0.0384377     (-6.9548 0.942235 -0.24248)
0.0385095     (-6.95403 0.943736 -0.245186)
0.0385812     (-6.95458 0.9462 -0.24926)
0.0386529     (-6.95709 0.948827 -0.254326)
0.0387246     (-6.96127 0.952035 -0.259903)
0.0387962     (-6.96624 0.955727 -0.265583)
0.0388679     (-6.97117 0.959884 -0.271382)
0.0389395     (-6.9752 0.964357 -0.277364)
0.0390112     (-6.97785 0.969047 -0.283782)
0.039083      (-6.97899 0.973744 -0.290857)
0.0391549     (-6.97853 0.978308 -0.298464)
0.0392267     (-6.97646 0.982745 -0.306463)
0.0392986     (-6.97282 0.987436 -0.314771)
0.0393706     (-6.96776 0.99292 -0.322899)
0.0394425     (-6.96163 0.999244 -0.331328)
0.0395143     (-6.95533 1.00643 -0.339788)
0.0395862     (-6.94973 1.01377 -0.349205)
0.0396581     (-6.9451 1.02117 -0.359076)
0.0397299     (-6.94132 1.02859 -0.368975)
0.0398017     (-6.93819 1.03593 -0.378625)
0.0398736     (-6.93521 1.04319 -0.387663)
0.0399455     (-6.93172 1.05036 -0.395926)
0.0400175     (-6.9276 1.05738 -0.403639)
0.0400895     (-6.92286 1.06408 -0.410876)
0.0401615     (-6.91736 1.07037 -0.417569)
0.0402336     (-6.91108 1.07654 -0.423651)
0.0403056     (-6.90403 1.08283 -0.429113)
0.0403776     (-6.89637 1.08941 -0.434197)
0.0404496     (-6.88862 1.09617 -0.439301)
0.0405216     (-6.8814 1.10288 -0.444544)
0.0405935     (-6.87505 1.10939 -0.449748)
0.0406654     (-6.86965 1.11548 -0.45476)
0.0407373     (-6.86515 1.12099 -0.45934)
0.0408092     (-6.86109 1.12586 -0.463198)
0.0408811     (-6.85696 1.13012 -0.466245)
0.040953      (-6.85255 1.13372 -0.468437)
0.041025      (-6.84777 1.1367 -0.469706)
0.0410969     (-6.84252 1.13921 -0.469974)
0.0411689     (-6.83679 1.14155 -0.469236)
0.0412409     (-6.83063 1.14396 -0.467598)
0.0413128     (-6.82428 1.14656 -0.465369)
0.0413847     (-6.81822 1.14927 -0.462893)
0.0414566     (-6.81292 1.1519 -0.460238)
0.0415284     (-6.8086 1.15428 -0.457248)
0.0416002     (-6.80527 1.15634 -0.453816)
0.041672      (-6.80269 1.15801 -0.449855)
0.0417438     (-6.8005 1.15931 -0.445355)
0.0418155     (-6.79842 1.16022 -0.440338)
0.0418873     (-6.7963 1.1607 -0.43481)
0.0419592     (-6.79406 1.16069 -0.428778)
0.042031      (-6.79164 1.16033 -0.422191)
0.0421028     (-6.78898 1.15981 -0.415109)
0.0421746     (-6.78611 1.15935 -0.407652)
0.0422464     (-6.78321 1.15907 -0.400127)
0.0423181     (-6.78071 1.15897 -0.392844)
0.0423898     (-6.77896 1.15893 -0.385937)
0.0424615     (-6.77821 1.15876 -0.379347)
0.0425331     (-6.77843 1.1584 -0.372976)
0.0426048     (-6.77937 1.15787 -0.366727)
0.0426764     (-6.78072 1.15718 -0.360609)
0.042748      (-6.78217 1.15639 -0.354623)
0.0428197     (-6.78367 1.15545 -0.348864)
0.0428914     (-6.78524 1.15428 -0.343374)
0.0429631     (-6.78682 1.15291 -0.338174)
0.0430348     (-6.78831 1.1515 -0.333241)
0.0431065     (-6.78965 1.15031 -0.328107)
0.0431782     (-6.7908 1.14946 -0.323246)
0.0432498     (-6.79192 1.149 -0.318955)
0.0433215     (-6.79331 1.14884 -0.315489)
0.0433931     (-6.79525 1.14917 -0.312739)
0.0434648     (-6.79785 1.14955 -0.310727)
0.0435364     (-6.80097 1.14999 -0.309393)
0.043608      (-6.80434 1.15056 -0.308597)
0.0436797     (-6.80766 1.15126 -0.308272)
0.0437513     (-6.81078 1.15208 -0.308442)
0.043823      (-6.81367 1.15295 -0.309148)
0.0438947     (-6.81634 1.15387 -0.310363)
0.0439664     (-6.81879 1.15487 -0.311989)
0.0440381     (-6.82093 1.1561 -0.313882)
0.0441099     (-6.82272 1.15766 -0.316008)
0.0441816     (-6.82418 1.15961 -0.318452)
0.0442534     (-6.8254 1.16195 -0.321303)
0.0443251     (-6.82659 1.16477 -0.324606)
0.0443968     (-6.82791 1.16786 -0.328386)
0.0444686     (-6.82941 1.17115 -0.332368)
0.0445403     (-6.831 1.17457 -0.336634)
0.0446121     (-6.83256 1.1781 -0.341227)
0.0446838     (-6.83394 1.18169 -0.346008)
0.0447556     (-6.83506 1.18536 -0.35089)
0.0448274     (-6.8359 1.18911 -0.355823)
0.0448992     (-6.83646 1.19293 -0.360781)
0.0449711     (-6.8367 1.19685 -0.365708)
0.0450429     (-6.83667 1.20087 -0.370633)
0.0451147     (-6.83639 1.20521 -0.375516)
0.0451866     (-6.83593 1.2099 -0.380455)
0.0452584     (-6.83537 1.21459 -0.385432)
0.0453303     (-6.83479 1.21927 -0.390405)
0.0454021     (-6.83421 1.22392 -0.395323)
0.045474      (-6.83363 1.22852 -0.400137)
0.0455458     (-6.83305 1.23299 -0.404782)
0.0456177     (-6.83243 1.23735 -0.409224)
0.0456896     (-6.83173 1.24159 -0.413382)
0.0457614     (-6.83088 1.24568 -0.417218)
0.0458333     (-6.82989 1.24961 -0.420676)
0.0459052     (-6.82878 1.2534 -0.423702)
0.045977      (-6.82752 1.25704 -0.426301)
0.0460489     (-6.82612 1.26053 -0.428458)
0.0461208     (-6.82462 1.26384 -0.430156)
0.0461926     (-6.82308 1.26693 -0.431387)
0.0462645     (-6.82154 1.26982 -0.432139)
0.0463363     (-6.82004 1.2725 -0.432399)
0.0464082     (-6.81858 1.27494 -0.432156)
0.04648       (-6.81717 1.27712 -0.431396)
0.0465518     (-6.81578 1.27906 -0.430111)
0.0466236     (-6.81439 1.28078 -0.428308)
0.0466954     (-6.81299 1.2823 -0.426009)
0.0467672     (-6.81159 1.28364 -0.423237)
0.046839      (-6.81024 1.28481 -0.420018)
0.0469108     (-6.80892 1.28582 -0.416414)
0.0469825     (-6.80769 1.28668 -0.412473)
0.0470543     (-6.80656 1.28743 -0.408212)
0.047126      (-6.80556 1.28809 -0.403663)
0.0471978     (-6.8047 1.28857 -0.3988)
0.0472695     (-6.804 1.2889 -0.393632)
0.0473412     (-6.80345 1.28909 -0.388215)
0.0474129     (-6.80307 1.28914 -0.382589)
0.0474846     (-6.80284 1.28907 -0.376769)
0.0475563     (-6.8027 1.28888 -0.370783)
0.0476279     (-6.80263 1.28858 -0.364673)
0.0476996     (-6.80263 1.28817 -0.358495)
0.0477712     (-6.80276 1.28765 -0.352318)
0.0478429     (-6.80299 1.28704 -0.346248)
0.0479145     (-6.80334 1.28632 -0.340359)
0.0479861     (-6.80378 1.2855 -0.334789)
0.0480578     (-6.80437 1.28464 -0.329055)
0.0481294     (-6.80517 1.28371 -0.323385)
0.048201      (-6.80609 1.28267 -0.317894)
0.0482726     (-6.8072 1.28161 -0.312473)
0.0483442     (-6.80849 1.28054 -0.307247)
0.0484158     (-6.80993 1.27942 -0.302388)
0.0484874     (-6.81152 1.27856 -0.297798)
0.048559      (-6.81324 1.27781 -0.293534)
0.0486306     (-6.81508 1.27715 -0.289708)
0.0487022     (-6.81699 1.27667 -0.28634)
0.0487738     (-6.81897 1.27635 -0.283432)
0.0488454     (-6.82097 1.27615 -0.281057)
0.048917      (-6.82299 1.27603 -0.279228)
0.0489886     (-6.82501 1.27607 -0.277961)
0.0490602     (-6.82701 1.27627 -0.27726)
0.0491318     (-6.82895 1.27659 -0.277104)
0.0492034     (-6.83083 1.27704 -0.277497)
0.0492751     (-6.83266 1.27762 -0.278415)
0.0493467     (-6.83441 1.27834 -0.279857)
0.0494184     (-6.83608 1.27923 -0.281803)
0.04949       (-6.83764 1.28028 -0.28424)
0.0495617     (-6.83911 1.28152 -0.287146)
0.0496333     (-6.84044 1.28294 -0.290501)
0.049705      (-6.84163 1.28455 -0.294271)
0.0497767     (-6.84268 1.28634 -0.298434)
0.0498484     (-6.84359 1.28837 -0.302931)
0.0499201     (-6.84439 1.29063 -0.307685)
0.0499918     (-6.84497 1.29306 -0.312678)
0.0500636     (-6.84536 1.29569 -0.317718)
0.0501353     (-6.84554 1.2986 -0.32288)
0.050207      (-6.84546 1.30164 -0.328067)
0.0502788     (-6.8452 1.30482 -0.333074)
0.0503506     (-6.84475 1.3081 -0.338135)
0.0504223     (-6.84409 1.31145 -0.343337)
0.0504941     (-6.84324 1.31488 -0.34858)
0.0505659     (-6.84222 1.31836 -0.353794)
0.0506377     (-6.84105 1.32188 -0.358945)
0.0507095     (-6.83973 1.32542 -0.363996)
0.0507813     (-6.83829 1.32897 -0.368924)
0.0508531     (-6.83671 1.33252 -0.373698)
0.0509249     (-6.83501 1.33606 -0.378283)
0.0509967     (-6.83322 1.33953 -0.382652)
0.0510686     (-6.83132 1.34291 -0.386775)
0.0511404     (-6.82934 1.34621 -0.390612)
0.0512122     (-6.8273 1.34942 -0.394103)
0.051284      (-6.82524 1.35253 -0.397193)
0.0513559     (-6.82318 1.35553 -0.399878)
0.0514277     (-6.82112 1.35844 -0.402156)
0.0514995     (-6.81907 1.36128 -0.404024)
0.0515713     (-6.81702 1.364 -0.405463)
0.0516432     (-6.81499 1.36659 -0.406441)
0.051715      (-6.81301 1.36905 -0.406963)
0.0517868     (-6.81109 1.37135 -0.407045)
0.0518586     (-6.80924 1.37351 -0.406705)
0.0519304     (-6.80748 1.3755 -0.405954)
0.0520022     (-6.80578 1.37734 -0.4048)
0.052074      (-6.80417 1.37903 -0.403253)
0.0521458     (-6.80266 1.38055 -0.401334)
0.0522175     (-6.80124 1.38191 -0.399077)
0.0522893     (-6.79991 1.38311 -0.396513)
0.052361      (-6.7987 1.38416 -0.393679)
0.0524328     (-6.79758 1.38503 -0.390588)
0.0525045     (-6.79657 1.38572 -0.387273)
0.0525763     (-6.79566 1.38622 -0.383736)
0.052648      (-6.79487 1.38656 -0.379993)
0.0527197     (-6.7942 1.38678 -0.37607)
0.0527914     (-6.79365 1.3869 -0.372013)
0.0528631     (-6.79323 1.38691 -0.367874)
0.0529348     (-6.79294 1.38683 -0.363693)
0.0530065     (-6.7928 1.38662 -0.359488)
0.0530781     (-6.79281 1.38628 -0.355288)
0.0531498     (-6.79296 1.38587 -0.351127)
0.0532215     (-6.7932 1.3854 -0.34702)
0.0532931     (-6.79356 1.3849 -0.342995)
0.0533647     (-6.79404 1.38435 -0.339072)
0.0534364     (-6.79464 1.38376 -0.3353)
0.053508      (-6.79538 1.38317 -0.331647)
0.0535796     (-6.79625 1.38261 -0.327877)
0.0536513     (-6.79725 1.38207 -0.324307)
0.0537229     (-6.79832 1.38152 -0.320962)
0.0537945     (-6.79949 1.38094 -0.317847)
0.0538661     (-6.80075 1.38037 -0.315013)
0.0539377     (-6.80207 1.37995 -0.31234)
0.0540093     (-6.80344 1.37962 -0.309896)
0.0540809     (-6.80485 1.37931 -0.307783)
0.0541525     (-6.80631 1.37906 -0.306028)
0.0542241     (-6.80779 1.37889 -0.304647)
0.0542957     (-6.8093 1.37881 -0.303655)
0.0543673     (-6.81081 1.37882 -0.303061)
0.0544389     (-6.8123 1.37893 -0.302867)
0.0545106     (-6.81375 1.37914 -0.30307)
0.0545822     (-6.81515 1.37946 -0.303664)
0.0546538     (-6.8165 1.37987 -0.304638)
0.0547254     (-6.81779 1.38039 -0.305972)
0.054797      (-6.81903 1.38101 -0.30765)
0.0548687     (-6.82018 1.38174 -0.309671)
0.0549403     (-6.82125 1.38257 -0.312021)
0.055012      (-6.82223 1.38353 -0.314547)
0.0550836     (-6.8231 1.38459 -0.317298)
0.0551553     (-6.82388 1.38577 -0.320278)
0.0552269     (-6.82454 1.3871 -0.323455)
0.0552986     (-6.82509 1.38865 -0.326739)
0.0553703     (-6.82549 1.39027 -0.330168)
0.055442      (-6.82574 1.39199 -0.333447)
0.0555136     (-6.82584 1.39382 -0.336942)
0.0555853     (-6.82581 1.39573 -0.340619)
0.055657      (-6.82564 1.39771 -0.344418)
0.0557288     (-6.82535 1.39976 -0.348291)
0.0558005     (-6.82494 1.40186 -0.3522)
0.0558722     (-6.82441 1.40402 -0.356107)
0.0559439     (-6.82378 1.40623 -0.35998)
0.0560157     (-6.82305 1.40849 -0.363793)
0.0560874     (-6.82223 1.41077 -0.367519)
0.0561591     (-6.8213 1.41308 -0.371138)
0.0562309     (-6.82028 1.41539 -0.374631)
0.0563026     (-6.81915 1.41769 -0.37798)
0.0563744     (-6.81791 1.41999 -0.381174)
0.0564462     (-6.81657 1.42226 -0.384193)
0.0565179     (-6.81515 1.4245 -0.387006)
0.0565897     (-6.81366 1.42671 -0.389577)
0.0566614     (-6.81213 1.42886 -0.391882)
0.0567332     (-6.81057 1.43094 -0.393905)
0.056805      (-6.80899 1.43294 -0.395637)
0.0568767     (-6.80739 1.43487 -0.397072)
0.0569485     (-6.80576 1.43672 -0.398202)
0.0570203     (-6.80411 1.43848 -0.399003)
0.057092      (-6.80248 1.44014 -0.399471)
0.0571638     (-6.80086 1.44171 -0.399599)
0.0572355     (-6.79927 1.44318 -0.399393)
0.0573073     (-6.79772 1.44453 -0.398858)
0.057379      (-6.7962 1.44577 -0.397992)
0.0574507     (-6.79472 1.4469 -0.396812)
0.0575225     (-6.79327 1.44792 -0.395333)
0.0575942     (-6.79188 1.44885 -0.393567)
0.0576659     (-6.79056 1.44966 -0.391517)
0.0577376     (-6.78931 1.45036 -0.389198)
0.0578094     (-6.78813 1.45094 -0.386642)
0.0578811     (-6.78703 1.45142 -0.383887)
0.0579528     (-6.78598 1.45179 -0.380972)
0.0580244     (-6.78499 1.45206 -0.377928)
0.0580961     (-6.78405 1.45223 -0.374778)
0.0581678     (-6.78319 1.45232 -0.371536)
0.0582395     (-6.7824 1.45232 -0.368223)
0.0583111     (-6.78169 1.45225 -0.364855)
0.0583828     (-6.78106 1.4521 -0.36145)
0.0584544     (-6.78051 1.45189 -0.358028)
0.0585261     (-6.78006 1.45161 -0.354612)
0.0585977     (-6.7797 1.45129 -0.351222)
0.0586693     (-6.77943 1.45094 -0.347878)
0.0587409     (-6.77927 1.45057 -0.344606)
0.0588126     (-6.7792 1.4502 -0.341434)
0.0588842     (-6.77921 1.44981 -0.338393)
0.0589558     (-6.77931 1.44943 -0.33551)
0.0590274     (-6.77946 1.44904 -0.332812)
0.059099      (-6.77967 1.44865 -0.330176)
0.0591706     (-6.77995 1.44831 -0.327545)
0.0592422     (-6.78032 1.448 -0.325111)
0.0593138     (-6.78076 1.44772 -0.322904)
0.0593853     (-6.78126 1.44749 -0.32094)
0.0594569     (-6.78181 1.44731 -0.319244)
0.0595285     (-6.7824 1.4472 -0.317836)
0.0596001     (-6.78302 1.44715 -0.31672)
0.0596717     (-6.78367 1.44726 -0.315847)
0.0597433     (-6.78431 1.44742 -0.315258)
0.0598149     (-6.78496 1.44766 -0.314965)
0.0598865     (-6.78558 1.44799 -0.314974)
0.0599581     (-6.78619 1.44842 -0.315289)
0.0600297     (-6.78676 1.44894 -0.31591)
0.0601013     (-6.7873 1.44957 -0.316834)
0.0601729     (-6.7878 1.45029 -0.318051)
0.0602445     (-6.78825 1.4511 -0.319551)
0.0603161     (-6.78865 1.45204 -0.321306)
0.0603877     (-6.789 1.45314 -0.323253)
0.0604594     (-6.78928 1.45434 -0.325425)
0.060531      (-6.78948 1.45564 -0.327806)
0.0606026     (-6.78961 1.45706 -0.330244)
0.0606743     (-6.78968 1.4586 -0.332752)
0.0607459     (-6.78967 1.46024 -0.335468)
0.0608176     (-6.78958 1.46196 -0.338345)
0.0608892     (-6.78941 1.46376 -0.341357)
0.0609609     (-6.78913 1.46561 -0.34445)
0.0610326     (-6.78876 1.46755 -0.347636)
0.0611042     (-6.7883 1.46957 -0.350899)
0.0611759     (-6.78773 1.47165 -0.354228)
0.0612476     (-6.78704 1.4738 -0.357608)
0.0613193     (-6.78622 1.476 -0.361015)
0.061391      (-6.78531 1.47824 -0.364411)
0.0614627     (-6.7843 1.48052 -0.367768)
0.0615344     (-6.7832 1.48283 -0.371066)
0.0616061     (-6.78204 1.48515 -0.374268)
0.0616779     (-6.78082 1.48749 -0.377342)
0.0617496     (-6.77954 1.48983 -0.380273)
0.0618213     (-6.77821 1.49218 -0.383053)
0.061893      (-6.77681 1.4945 -0.385666)
0.0619647     (-6.77538 1.49679 -0.388087)
0.0620365     (-6.7739 1.49903 -0.390282)
0.0621082     (-6.77242 1.50124 -0.39223)
0.0621799     (-6.77093 1.5034 -0.393918)
0.0622517     (-6.76944 1.50552 -0.395342)
0.0623234     (-6.76797 1.50758 -0.396499)
0.0623951     (-6.76652 1.50958 -0.397385)
0.0624668     (-6.76508 1.51152 -0.397997)
0.0625386     (-6.76367 1.5134 -0.398334)
0.0626103     (-6.76229 1.51522 -0.398392)
0.062682      (-6.76096 1.51697 -0.398167)
0.0627537     (-6.75968 1.51865 -0.397659)
0.0628254     (-6.75848 1.52025 -0.396882)
0.0628971     (-6.75735 1.52176 -0.395856)
0.0629688     (-6.75628 1.52316 -0.3946)
0.0630405     (-6.75525 1.52446 -0.393126)
0.0631122     (-6.75427 1.52567 -0.391426)
0.0631839     (-6.75337 1.52681 -0.389497)
0.0632556     (-6.75257 1.52787 -0.387361)
0.0633273     (-6.75186 1.52886 -0.385063)
0.063399      (-6.75123 1.52978 -0.382638)
0.0634706     (-6.75068 1.53061 -0.380112)
0.0635423     (-6.7502 1.53136 -0.377497)
0.0636139     (-6.74982 1.53203 -0.374796)
0.0636856     (-6.74954 1.53264 -0.372033)
0.0637572     (-6.74934 1.53321 -0.369243)
0.0638289     (-6.74922 1.53372 -0.366463)
0.0639005     (-6.74917 1.53419 -0.363717)
0.0639721     (-6.74919 1.53462 -0.361015)
0.0640438     (-6.74929 1.53499 -0.358364)
0.0641154     (-6.74946 1.53532 -0.355797)
0.064187      (-6.74969 1.53564 -0.353364)
0.0642586     (-6.74995 1.53596 -0.351064)
0.0643302     (-6.75023 1.5363 -0.348907)
0.0644018     (-6.75057 1.53664 -0.346883)
0.0644734     (-6.75099 1.53698 -0.344989)
0.064545      (-6.75145 1.5373 -0.343208)
0.0646166     (-6.75198 1.53764 -0.341578)
0.0646882     (-6.75255 1.53801 -0.340125)
0.0647598     (-6.75316 1.53841 -0.338868)
0.0648314     (-6.75378 1.53885 -0.337816)
0.064903      (-6.75442 1.53934 -0.336969)
0.0649746     (-6.75507 1.53988 -0.336334)
0.0650462     (-6.75572 1.54048 -0.335914)
0.0651178     (-6.75637 1.54114 -0.335713)
0.0651894     (-6.75701 1.54187 -0.335731)
0.065261      (-6.75764 1.54266 -0.335961)
0.0653326     (-6.75824 1.54353 -0.336399)
0.0654042     (-6.75881 1.54446 -0.337041)
0.0654758     (-6.75935 1.54548 -0.337881)
0.0655474     (-6.75986 1.54657 -0.338911)
0.065619      (-6.76033 1.54774 -0.340121)
0.0656906     (-6.76076 1.54898 -0.341514)
0.0657623     (-6.76115 1.55028 -0.343088)
0.0658339     (-6.76148 1.55164 -0.344847)
0.0659055     (-6.76174 1.55305 -0.346795)
0.0659771     (-6.76191 1.55453 -0.348926)
0.0660488     (-6.762 1.55607 -0.351226)
0.0661204     (-6.76198 1.55764 -0.353648)
0.066192      (-6.76189 1.55928 -0.356175)
0.0662637     (-6.76174 1.56096 -0.358776)
0.0663353     (-6.76152 1.56269 -0.361431)
0.066407      (-6.76124 1.56447 -0.36412)
0.0664786     (-6.76089 1.5663 -0.366824)
0.0665503     (-6.76045 1.56818 -0.369539)
0.0666219     (-6.75994 1.57011 -0.372257)
0.0666936     (-6.75936 1.57208 -0.374968)
0.0667653     (-6.75872 1.57408 -0.37764)
0.066837      (-6.75801 1.57611 -0.380263)
0.0669086     (-6.75725 1.57817 -0.382825)
0.0669803     (-6.75644 1.58024 -0.385307)
0.067052      (-6.75558 1.58232 -0.387694)
0.0671237     (-6.75468 1.58439 -0.38998)
0.0671954     (-6.75374 1.58645 -0.392148)
0.067267      (-6.75278 1.58852 -0.394169)
0.0673387     (-6.75178 1.59056 -0.396011)
0.0674104     (-6.75075 1.59257 -0.39764)
0.0674821     (-6.74971 1.59456 -0.399058)
0.0675538     (-6.74862 1.59649 -0.400264)
0.0676255     (-6.7475 1.59838 -0.401263)
0.0676972     (-6.7464 1.60023 -0.402058)
0.0677689     (-6.74531 1.60203 -0.402659)
0.0678406     (-6.74423 1.60379 -0.403069)
0.0679123     (-6.74317 1.60549 -0.403288)
0.0679839     (-6.74211 1.60713 -0.40331)
0.0680556     (-6.74108 1.60869 -0.403133)
0.0681273     (-6.74006 1.61019 -0.402751)
0.068199      (-6.73907 1.61162 -0.402165)
0.0682707     (-6.73811 1.613 -0.401368)
0.0683423     (-6.73721 1.61432 -0.40036)
0.068414      (-6.73636 1.61557 -0.399156)
0.0684857     (-6.73557 1.61675 -0.397777)
0.0685574     (-6.73484 1.61786 -0.396242)
0.068629      (-6.73416 1.6189 -0.394567)
0.0687007     (-6.73354 1.61986 -0.392759)
0.0687723     (-6.73298 1.62075 -0.390827)
0.068844      (-6.73249 1.62157 -0.388783)
0.0689156     (-6.73207 1.62232 -0.386646)
0.0689872     (-6.73173 1.62302 -0.384436)
0.0690589     (-6.73146 1.62366 -0.38218)
0.0691305     (-6.73127 1.62424 -0.379904)
0.0692021     (-6.73114 1.62476 -0.377618)
0.0692738     (-6.73108 1.62523 -0.375331)
0.0693454     (-6.7311 1.62565 -0.373048)
0.069417      (-6.73117 1.62604 -0.370774)
0.0694886     (-6.73131 1.62641 -0.368526)
0.0695602     (-6.73152 1.62675 -0.366324)
0.0696318     (-6.73178 1.62707 -0.364187)
0.0697034     (-6.73211 1.62737 -0.362135)
0.069775      (-6.73247 1.62766 -0.360189)
0.0698466     (-6.73288 1.62793 -0.358361)
0.0699182     (-6.73333 1.6282 -0.356659)
0.0699898     (-6.73381 1.62845 -0.355078)
0.0700613     (-6.73431 1.62871 -0.353631)
0.0701329     (-6.73482 1.62896 -0.352311)
0.0702045     (-6.73535 1.62922 -0.351135)
0.0702761     (-6.73588 1.6295 -0.350125)
0.0703477     (-6.73641 1.62981 -0.349299)
0.0704193     (-6.73695 1.63015 -0.348671)
0.0704908     (-6.73747 1.63052 -0.348248)
0.0705624     (-6.73799 1.63093 -0.348026)
0.070634      (-6.73848 1.63137 -0.347994)
0.0707056     (-6.73896 1.63185 -0.348141)
0.0707772     (-6.73941 1.63236 -0.348461)
0.0708488     (-6.73985 1.63292 -0.348949)
0.0709204     (-6.74025 1.63353 -0.349607)
0.070992      (-6.74062 1.63419 -0.350438)
0.0710635     (-6.74094 1.63491 -0.351442)
0.0711351     (-6.74122 1.63568 -0.352615)
0.0712067     (-6.74145 1.63651 -0.353938)
0.0712783     (-6.74163 1.63739 -0.3554)
0.07135       (-6.74176 1.63831 -0.356981)
0.0714216     (-6.74183 1.63928 -0.35866)
0.0714932     (-6.74184 1.64028 -0.360411)
0.0715648     (-6.7418 1.64132 -0.36224)
0.0716364     (-6.7417 1.6424 -0.364142)
0.0717081     (-6.74156 1.64352 -0.366118)
0.0717797     (-6.74134 1.64468 -0.368165)
0.0718513     (-6.74105 1.64588 -0.370274)
0.071923      (-6.74069 1.64712 -0.372413)
0.0719946     (-6.7403 1.6484 -0.374553)
0.0720662     (-6.73989 1.64971 -0.376663)
0.0721379     (-6.73946 1.65104 -0.378723)
0.0722096     (-6.73901 1.65239 -0.380724)
0.0722812     (-6.73853 1.65374 -0.382656)
0.0723529     (-6.738 1.65509 -0.384506)
0.0724245     (-6.73743 1.65645 -0.386266)
0.0724962     (-6.73682 1.6578 -0.387924)
0.0725679     (-6.73617 1.65915 -0.389467)
0.0726395     (-6.73549 1.6605 -0.390887)
0.0727112     (-6.73478 1.66186 -0.392184)
0.0727829     (-6.73404 1.66321 -0.393364)
0.0728546     (-6.73329 1.66454 -0.394433)
0.0729262     (-6.73253 1.66586 -0.395389)
0.0729979     (-6.73175 1.66714 -0.396224)
0.0730696     (-6.73098 1.66837 -0.396922)
0.0731413     (-6.7302 1.66955 -0.39747)
0.0732129     (-6.72943 1.67068 -0.397852)
0.0732846     (-6.72867 1.67175 -0.398055)
0.0733563     (-6.72793 1.67277 -0.398071)
0.073428      (-6.72721 1.67374 -0.397902)
0.0734996     (-6.72651 1.67467 -0.397555)
0.0735713     (-6.72584 1.67556 -0.397045)
0.073643      (-6.7252 1.67639 -0.396387)
0.0737146     (-6.72459 1.67717 -0.395598)
0.0737863     (-6.72403 1.6779 -0.394686)
0.0738579     (-6.72351 1.67856 -0.39366)
0.0739296     (-6.72303 1.67917 -0.392525)
0.0740012     (-6.72259 1.67972 -0.39128)
0.0740729     (-6.72219 1.6802 -0.389925)
0.0741445     (-6.72184 1.68063 -0.388463)
0.0742162     (-6.72154 1.681 -0.386903)
0.0742878     (-6.72128 1.68132 -0.385255)
0.0743595     (-6.72108 1.6816 -0.383526)
0.0744311     (-6.72094 1.68185 -0.381717)
0.0745027     (-6.72087 1.68206 -0.379842)
0.0745744     (-6.72088 1.68224 -0.377917)
0.074646      (-6.72096 1.68238 -0.375966)
0.0747176     (-6.7211 1.68248 -0.374012)
0.0747892     (-6.7213 1.68254 -0.372084)
0.0748608     (-6.72154 1.68257 -0.370187)
0.0749325     (-6.72183 1.68258 -0.368337)
0.0750041     (-6.72215 1.68257 -0.366541)
0.0750757     (-6.7225 1.68254 -0.364811)
0.0751473     (-6.72289 1.6825 -0.363157)
0.0752189     (-6.72332 1.68246 -0.361598)
0.0752905     (-6.72376 1.68241 -0.360151)
0.0753621     (-6.72422 1.68238 -0.358822)
0.0754337     (-6.72468 1.68233 -0.357602)
0.0755053     (-6.72514 1.68229 -0.356513)
0.0755769     (-6.72562 1.68226 -0.35556)
0.0756485     (-6.72609 1.68224 -0.354748)
0.0757201     (-6.72657 1.68224 -0.35408)
0.0757917     (-6.72704 1.68225 -0.353557)
0.0758633     (-6.7275 1.68228 -0.353182)
0.0759349     (-6.72794 1.68233 -0.352951)
0.0760065     (-6.72837 1.68242 -0.352867)
0.0760781     (-6.72878 1.68254 -0.352931)
0.0761497     (-6.72916 1.68269 -0.353143)
0.0762213     (-6.72951 1.68288 -0.353502)
0.0762929     (-6.72982 1.68312 -0.354006)
0.0763645     (-6.73009 1.68339 -0.354651)
0.0764361     (-6.73032 1.6837 -0.355433)
0.0765078     (-6.73051 1.68405 -0.356346)
0.0765794     (-6.73065 1.68444 -0.357381)
0.076651      (-6.73075 1.68487 -0.358534)
0.0767226     (-6.7308 1.68533 -0.359798)
0.0767942     (-6.73079 1.68583 -0.361155)
0.0768659     (-6.73074 1.68637 -0.362578)
0.0769375     (-6.73067 1.68695 -0.364035)
0.0770091     (-6.73056 1.68757 -0.365498)
0.0770808     (-6.73043 1.68821 -0.366979)
0.0771524     (-6.73028 1.6889 -0.368489)
0.0772241     (-6.73008 1.68961 -0.370032)
0.0772957     (-6.72984 1.69036 -0.371601)
0.0773674     (-6.72955 1.69113 -0.373182)
0.077439      (-6.72923 1.69192 -0.374765)
0.0775107     (-6.72887 1.69273 -0.37634)
0.0775823     (-6.72847 1.69356 -0.377896)
0.077654      (-6.72803 1.6944 -0.379415)
0.0777256     (-6.72755 1.69525 -0.380884)
0.0777973     (-6.72705 1.6961 -0.382294)
0.077869      (-6.72652 1.69696 -0.38364)
0.0779406     (-6.72596 1.69783 -0.384909)
0.0780123     (-6.72538 1.69869 -0.38609)
0.078084      (-6.72479 1.69955 -0.387177)
0.0781557     (-6.72418 1.7004 -0.388169)
0.0782273     (-6.72355 1.70123 -0.38906)
0.078299      (-6.72291 1.70206 -0.389841)
0.0783707     (-6.72225 1.70286 -0.390506)
0.0784424     (-6.7216 1.70364 -0.391052)
0.078514      (-6.72096 1.7044 -0.391478)
0.0785857     (-6.72031 1.70513 -0.391783)
0.0786574     (-6.71966 1.70583 -0.39196)
0.0787291     (-6.71903 1.70651 -0.392006)
0.0788007     (-6.71841 1.70715 -0.391924)
0.0788724     (-6.71781 1.70775 -0.391718)
0.0789441     (-6.71723 1.70832 -0.39139)
0.0790157     (-6.71667 1.70886 -0.390941)
0.0790874     (-6.71613 1.70936 -0.390374)
0.0791591     (-6.71562 1.70982 -0.389697)
0.0792307     (-6.71514 1.71024 -0.388918)
0.0793024     (-6.71469 1.71063 -0.388044)
0.079374      (-6.71427 1.71097 -0.387078)
0.0794457     (-6.71388 1.71128 -0.386026)
0.0795173     (-6.71354 1.71155 -0.384898)
0.079589      (-6.71324 1.71178 -0.383704)
0.0796606     (-6.71297 1.71198 -0.382447)
0.0797323     (-6.71274 1.71214 -0.381134)
0.0798039     (-6.71255 1.71228 -0.379771)
0.0798756     (-6.71241 1.71238 -0.378369)
0.0799472     (-6.7123 1.71245 -0.376939)
0.0800188     (-6.71222 1.7125 -0.375491)
0.0800905     (-6.71219 1.71253 -0.374031)
0.0801621     (-6.71221 1.71254 -0.372573)
0.0802337     (-6.71226 1.71253 -0.371131)
0.0803054     (-6.71235 1.7125 -0.369718)
0.080377      (-6.71246 1.71246 -0.368343)
0.0804486     (-6.7126 1.71242 -0.367016)
0.0805202     (-6.71278 1.71237 -0.365731)
0.0805918     (-6.71299 1.71232 -0.364497)
0.0806635     (-6.71324 1.71227 -0.363331)
0.0807351     (-6.71349 1.7122 -0.362228)
0.0808067     (-6.71376 1.71213 -0.36121)
0.0808783     (-6.71405 1.71207 -0.360287)
0.0809499     (-6.71434 1.71202 -0.359472)
0.0810215     (-6.71463 1.71198 -0.358771)
0.0810931     (-6.71492 1.71195 -0.358187)
0.0811647     (-6.71521 1.71193 -0.35772)
0.0812363     (-6.71549 1.71193 -0.357375)
0.081308      (-6.71576 1.71195 -0.357154)
0.0813796     (-6.71602 1.712 -0.35706)
0.0814512     (-6.71627 1.71207 -0.35709)
0.0815228     (-6.7165 1.71216 -0.357244)
0.0815944     (-6.7167 1.71227 -0.357523)
0.081666      (-6.71689 1.71242 -0.357916)
0.0817376     (-6.71705 1.71261 -0.358406)
0.0818093     (-6.7172 1.71283 -0.358983)
0.0818809     (-6.71734 1.71308 -0.359644)
0.0819525     (-6.71747 1.71337 -0.360395)
0.0820241     (-6.71756 1.71369 -0.361235)
0.0820958     (-6.71761 1.71405 -0.362159)
0.0821674     (-6.71764 1.71444 -0.363162)
0.082239      (-6.71764 1.71486 -0.364239)
0.0823106     (-6.7176 1.71531 -0.365384)
0.0823823     (-6.71753 1.7158 -0.366585)
0.0824539     (-6.71741 1.71631 -0.367821)
0.0825256     (-6.71726 1.71683 -0.369088)
0.0825972     (-6.71708 1.71739 -0.370381)
0.0826689     (-6.71686 1.71797 -0.371694)
0.0827405     (-6.71661 1.71857 -0.373016)
0.0828122     (-6.71632 1.7192 -0.374338)
0.0828838     (-6.71601 1.71985 -0.375654)
0.0829555     (-6.71566 1.72051 -0.376953)
0.0830271     (-6.71529 1.72117 -0.378228)
0.0830988     (-6.71489 1.72185 -0.379474)
0.0831705     (-6.71445 1.72254 -0.380686)
0.0832421     (-6.71399 1.72322 -0.381865)
0.0833138     (-6.7135 1.72391 -0.383003)
0.0833855     (-6.71299 1.72459 -0.384084)
0.0834571     (-6.71245 1.72528 -0.385095)
0.0835288     (-6.7119 1.72596 -0.386027)
0.0836005     (-6.71134 1.72662 -0.386876)
0.0836721     (-6.71078 1.72728 -0.387637)
0.0837438     (-6.71022 1.72793 -0.388305)
0.0838155     (-6.70965 1.72857 -0.388873)
0.0838872     (-6.70909 1.72918 -0.389337)
0.0839588     (-6.70854 1.72977 -0.3897)
0.0840305     (-6.708 1.73033 -0.389959)
0.0841022     (-6.70747 1.73088 -0.390113)
0.0841739     (-6.70695 1.7314 -0.390155)
0.0842455     (-6.70645 1.73189 -0.390089)
0.0843172     (-6.70598 1.73235 -0.389917)
0.0843889     (-6.70553 1.73279 -0.389642)
0.0844605     (-6.70509 1.7332 -0.389265)
0.0845322     (-6.70468 1.73357 -0.388798)
0.0846039     (-6.70429 1.73392 -0.388253)
0.0846755     (-6.70392 1.73422 -0.387636)
0.0847472     (-6.70357 1.7345 -0.386947)
0.0848189     (-6.70324 1.73475 -0.386187)
0.0848905     (-6.70294 1.73497 -0.385359)
0.0849622     (-6.70268 1.73516 -0.384473)
0.0850338     (-6.70244 1.73531 -0.383538)
0.0851055     (-6.70224 1.73544 -0.382563)
0.0851771     (-6.70207 1.73554 -0.381552)
0.0852488     (-6.70193 1.73561 -0.380511)
0.0853204     (-6.70183 1.73565 -0.379447)
0.0853921     (-6.70176 1.73566 -0.378369)
0.0854637     (-6.70172 1.73566 -0.377288)
0.0855353     (-6.70172 1.73563 -0.376208)
0.085607      (-6.70174 1.7356 -0.375133)
0.0856786     (-6.7018 1.73554 -0.374075)
0.0857503     (-6.70188 1.73547 -0.373043)
0.0858219     (-6.70199 1.73539 -0.372044)
0.0858935     (-6.70212 1.73529 -0.371081)
0.0859652     (-6.70227 1.7352 -0.370164)
0.0860368     (-6.70245 1.73509 -0.369297)
0.0861084     (-6.70264 1.73499 -0.368491)
0.08618       (-6.70285 1.73488 -0.367749)
0.0862517     (-6.70308 1.73478 -0.367076)
0.0863233     (-6.70331 1.73467 -0.366476)
0.0863949     (-6.70356 1.73458 -0.365954)
0.0864665     (-6.70381 1.73449 -0.365517)
0.0865382     (-6.70405 1.73442 -0.365168)
0.0866098     (-6.7043 1.73435 -0.364908)
0.0866814     (-6.70454 1.7343 -0.364738)
0.086753      (-6.70479 1.73427 -0.364658)
0.0868247     (-6.70502 1.73425 -0.36467)
0.0868963     (-6.70524 1.73425 -0.364774)
0.0869679     (-6.70544 1.73427 -0.364967)
0.0870396     (-6.70564 1.73431 -0.365248)
0.0871112     (-6.70581 1.73437 -0.365618)
0.0871828     (-6.70597 1.73446 -0.366074)
0.0872544     (-6.7061 1.73456 -0.366608)
0.0873261     (-6.70622 1.73468 -0.367213)
0.0873977     (-6.70631 1.73483 -0.367882)
0.0874694     (-6.70638 1.73499 -0.368614)
0.087541      (-6.70643 1.73517 -0.369399)
0.0876126     (-6.70644 1.73538 -0.370233)
0.0876843     (-6.70643 1.73562 -0.371107)
0.0877559     (-6.70639 1.73587 -0.372018)
0.0878276     (-6.70633 1.73614 -0.372964)
0.0878992     (-6.70623 1.73644 -0.373939)
0.0879709     (-6.70611 1.73675 -0.374935)
0.0880425     (-6.70596 1.73708 -0.375943)
0.0881142     (-6.70578 1.73742 -0.376958)
0.0881858     (-6.70559 1.73778 -0.377973)
0.0882575     (-6.70537 1.73815 -0.378983)
0.0883291     (-6.70512 1.73854 -0.379981)
0.0884008     (-6.70485 1.73892 -0.380964)
0.0884725     (-6.70455 1.73932 -0.381929)
0.0885441     (-6.70423 1.73972 -0.382871)
0.0886158     (-6.70389 1.74013 -0.383783)
0.0886875     (-6.70352 1.74054 -0.384652)
0.0887591     (-6.70315 1.74095 -0.38547)
0.0888308     (-6.70276 1.74136 -0.386232)
0.0889025     (-6.70237 1.74176 -0.386934)
0.0889741     (-6.70196 1.74216 -0.38757)
0.0890458     (-6.70155 1.74255 -0.388135)
0.0891175     (-6.70114 1.74294 -0.388625)
0.0891892     (-6.70073 1.74331 -0.389038)
0.0892608     (-6.70033 1.74367 -0.389375)
0.0893325     (-6.69992 1.74401 -0.389635)
0.0894042     (-6.69951 1.74433 -0.389814)
0.0894758     (-6.69912 1.74465 -0.389908)
0.0895475     (-6.69873 1.74494 -0.389917)
0.0896192     (-6.69836 1.74521 -0.389846)
0.0896909     (-6.69801 1.74546 -0.389696)
0.0897625     (-6.69766 1.74569 -0.38947)
0.0898342     (-6.69732 1.7459 -0.389173)
0.0899059     (-6.69699 1.74609 -0.388812)
0.0899775     (-6.69668 1.74625 -0.388392)
0.0900492     (-6.69638 1.74639 -0.387913)
0.0901209     (-6.6961 1.74651 -0.387375)
0.0901925     (-6.69584 1.74661 -0.386782)
0.0902642     (-6.69561 1.74668 -0.386139)
0.0903358     (-6.69539 1.74673 -0.385454)
0.0904075     (-6.6952 1.74676 -0.38473)
0.0904792     (-6.69503 1.74677 -0.383972)
0.0905508     (-6.69488 1.74675 -0.383186)
0.0906225     (-6.69476 1.74672 -0.382376)
0.0906941     (-6.69466 1.74667 -0.381549)
0.0907658     (-6.69458 1.74661 -0.38071)
0.0908374     (-6.69453 1.74653 -0.379867)
0.0909091     (-6.6945 1.74643 -0.379028)
0.0909807     (-6.69449 1.74632 -0.378199)
0.0910524     (-6.6945 1.74621 -0.377384)
0.091124      (-6.69453 1.74609 -0.376588)
0.0911956     (-6.69458 1.74596 -0.375816)
0.0912673     (-6.69465 1.74583 -0.375076)
0.0913389     (-6.69473 1.74569 -0.374373)
0.0914106     (-6.69484 1.74555 -0.373715)
0.0914822     (-6.69495 1.74541 -0.373105)
0.0915538     (-6.69508 1.74527 -0.372547)
0.0916255     (-6.69522 1.74513 -0.372045)
0.0916971     (-6.69536 1.745 -0.371599)
0.0917687     (-6.69552 1.74488 -0.371216)
0.0918404     (-6.69567 1.74476 -0.370899)
0.091912      (-6.69583 1.74466 -0.370649)
0.0919837     (-6.69598 1.74457 -0.370468)
0.0920553     (-6.69614 1.74449 -0.370359)
0.0921269     (-6.69628 1.74443 -0.370321)
0.0921986     (-6.69642 1.74439 -0.370358)
0.0922702     (-6.69656 1.74436 -0.370468)
0.0923418     (-6.69668 1.74435 -0.37065)
0.0924135     (-6.69679 1.74435 -0.370904)
0.0924851     (-6.69689 1.74438 -0.371228)
0.0925568     (-6.69697 1.74443 -0.37162)
0.0926284     (-6.69703 1.74449 -0.372078)
0.0927        (-6.69707 1.74458 -0.372598)
0.0927717     (-6.6971 1.74469 -0.373178)
0.0928433     (-6.69711 1.74481 -0.373815)
0.092915      (-6.69709 1.74496 -0.374502)
0.0929866     (-6.69705 1.74513 -0.375235)
0.0930583     (-6.69699 1.74532 -0.376011)
0.0931299     (-6.69691 1.74552 -0.376823)
0.0932016     (-6.6968 1.74575 -0.377668)
0.0932732     (-6.69667 1.746 -0.37854)
0.0933449     (-6.69652 1.74627 -0.379433)
0.0934165     (-6.69636 1.74656 -0.380342)
0.0934882     (-6.69617 1.74686 -0.381268)
0.0935599     (-6.69595 1.74717 -0.38221)
0.0936315     (-6.6957 1.7475 -0.383166)
0.0937032     (-6.69542 1.74784 -0.38413)
0.0937748     (-6.69512 1.74819 -0.385087)
0.0938465     (-6.6948 1.74855 -0.386029)
0.0939182     (-6.69447 1.74892 -0.386947)
0.0939898     (-6.69412 1.74929 -0.387839)
0.0940615     (-6.69375 1.74966 -0.388695)
0.0941332     (-6.69338 1.75004 -0.38951)
0.0942049     (-6.69299 1.75041 -0.39028)
0.0942765     (-6.6926 1.75078 -0.391)
0.0943482     (-6.6922 1.75115 -0.391666)
0.0944199     (-6.69179 1.75152 -0.392274)
0.0944916     (-6.69138 1.75189 -0.392822)
0.0945632     (-6.69097 1.75225 -0.393308)
0.0946349     (-6.69055 1.7526 -0.393731)
0.0947066     (-6.69014 1.75294 -0.394089)
0.0947783     (-6.68972 1.75327 -0.39438)
0.09485       (-6.68932 1.75359 -0.394604)
0.0949216     (-6.68891 1.7539 -0.394763)
0.0949933     (-6.68852 1.7542 -0.394856)
0.095065      (-6.68813 1.75449 -0.394884)
0.0951367     (-6.68776 1.75475 -0.394848)
0.0952083     (-6.6874 1.755 -0.394753)
0.09528       (-6.68705 1.75523 -0.3946)
0.0953517     (-6.68672 1.75545 -0.39439)
0.0954234     (-6.6864 1.75565 -0.394127)
0.095495      (-6.68611 1.75583 -0.393816)
0.0955667     (-6.68583 1.75598 -0.39346)
0.0956384     (-6.68557 1.75613 -0.393059)
0.0957101     (-6.68533 1.75625 -0.39262)
0.0957817     (-6.68511 1.75635 -0.392146)
0.0958534     (-6.68492 1.75643 -0.391641)
0.0959251     (-6.68474 1.7565 -0.39111)
0.0959967     (-6.68459 1.75656 -0.390555)
0.0960684     (-6.68447 1.75659 -0.389984)
0.0961401     (-6.68436 1.75662 -0.389405)
0.0962117     (-6.68428 1.75663 -0.38882)
0.0962834     (-6.68421 1.75664 -0.388233)
0.0963551     (-6.68417 1.75663 -0.38765)
0.0964267     (-6.68414 1.75661 -0.38708)
0.0964984     (-6.68413 1.75659 -0.386527)
0.09657       (-6.68414 1.75656 -0.385994)
0.0966417     (-6.68416 1.75652 -0.385484)
0.0967134     (-6.6842 1.75648 -0.385007)
0.096785      (-6.68425 1.75644 -0.384567)
0.0968567     (-6.68431 1.7564 -0.384168)
0.0969283     (-6.68438 1.75636 -0.383811)
0.097         (-6.68447 1.75632 -0.383497)
0.0970716     (-6.68456 1.75628 -0.383234)
0.0971433     (-6.68466 1.75624 -0.383026)
0.097215      (-6.68476 1.75621 -0.382874)
0.0972866     (-6.68485 1.75619 -0.382776)
0.0973583     (-6.68495 1.75618 -0.382733)
0.0974299     (-6.68505 1.75617 -0.382749)
0.0975016     (-6.68515 1.75617 -0.382828)
0.0975732     (-6.68523 1.75618 -0.382968)
0.0976449     (-6.68532 1.75621 -0.383168)
0.0977165     (-6.68539 1.75625 -0.383428)
0.0977882     (-6.68546 1.75629 -0.38375)
0.0978599     (-6.68551 1.75635 -0.384132)
0.0979315     (-6.68555 1.75643 -0.38457)
0.0980032     (-6.68558 1.75652 -0.385062)
0.0980748     (-6.68559 1.75663 -0.385607)
0.0981465     (-6.68559 1.75674 -0.386204)
0.0982182     (-6.68558 1.75688 -0.386848)
0.0982898     (-6.68554 1.75702 -0.387532)
0.0983615     (-6.68549 1.75719 -0.388252)
0.0984332     (-6.68542 1.75736 -0.389008)
0.0985048     (-6.68533 1.75755 -0.389796)
0.0985765     (-6.68523 1.75776 -0.39061)
0.0986482     (-6.68511 1.75798 -0.391445)
0.0987198     (-6.68498 1.75821 -0.392298)
0.0987915     (-6.68482 1.75845 -0.393167)
0.0988632     (-6.68465 1.75871 -0.394045)
0.0989348     (-6.68446 1.75897 -0.394927)
0.0990065     (-6.68425 1.75924 -0.395809)
0.0990782     (-6.68403 1.75952 -0.396688)
0.0991499     (-6.68379 1.7598 -0.397561)
0.0992216     (-6.68354 1.76009 -0.39842)
0.0992932     (-6.68328 1.76039 -0.39926)
0.0993649     (-6.68301 1.76068 -0.400077)
0.0994366     (-6.68272 1.76099 -0.400865)
0.0995083     (-6.68242 1.76129 -0.401615)
0.09958       (-6.68212 1.76159 -0.402323)
0.0996517     (-6.68181 1.76189 -0.402987)
0.0997234     (-6.6815 1.76218 -0.403605)
0.099795      (-6.68118 1.76247 -0.404177)
0.0998667     (-6.68085 1.76275 -0.4047)
0.0999384     (-6.68053 1.76303 -0.405174)
