/*--------------------------------*- C++ -*----------------------------------*\
  =========                 |
  \\      /  F ield         | OpenFOAM: The Open Source CFD Toolbox
   \\    /   O peration     | Website:  https://openfoam.org
    \\  /    A nd           | Version:  13
     \\/     M anipulation  |
\*---------------------------------------------------------------------------*/
FoamFile
{
    format      ascii;
    class       volScalarField;
    location    "0";
    object      yPlus;
}
// * * * * * * * * * * * * * * * * * * * * * * * * * * * * * * * * * * * * * //

dimensions      [];

internalField   uniform 0;

boundaryField
{
    walls
    {
        type            calculated;
        value           uniform 0;
    }
    inlet
    {
        type            calculated;
        value           uniform 0;
    }
    outlet
    {
        type            calculated;
        value           uniform 0;
    }
    innerCylinder
    {
        type            calculated;
        value           uniform 0;
    }
    innerCylinder_slave
    {
        type            calculated;
        value           uniform 0;
    }
    propellerTip
    {
        type            calculated;
        value           nonuniform List<scalar> 
9073
(
1.09345
2.66018
3.13769
2.84888
2.69262
3.87898
2.29983
2.52474
2.78865
2.78877
2.14811
3.88626
2.36556
3.109
2.29308
3.11281
2.63021
4.62487
2.19224
2.19401
3.09147
3.2634
3.04851
1.32816
1.45191
3.12263
2.9428
1.39467
1.32516
1.37613
1.38372
2.67593
3.28812
2.67415
1.86699
3.26337
3.327
3.08778
2.51277
4.1088
2.60717
2.58784
5.68588
3.17159
2.67331
2.67607
1.33304
1.38333
0.81453
1.38292
3.06306
3.01369
1.33426
1.41067
1.30885
1.30885
3.23216
2.49439
4.40415
2.60675
2.58859
5.64266
1.8986
1.8986
3.27475
3.00426
3.29699
3.12195
3.07567
3.02667
3.1075
3.21372
2.00808
1.8882
3.4437
2.59256
2.62184
2.62319
3.49178
2.59257
2.62344
2.62214
3.44369
2.59256
2.62325
2.6217
1.894
2.19649
3.15547
3.22461
3.10324
3.01403
4.7168
3.26333
3.23299
2.67363
2.67632
3.30869
1.98182
4.89591
5.302
2.19354
2.7296
3.22818
5.29441
2.09754
2.09754
3.97355
3.19253
2.38516
1.83865
1.83865
1.20793
1.7865
2.49977
0.933462
2.32607
2.38692
2.39962
2.50134
0.930855
2.34573
2.43543
3.12515
2.97469
2.92079
1.74325
1.18097
2.47334
2.09784
2.09784
3.974
3.19303
2.38543
1.83871
1.83871
4.87667
4.11697
1.50144
4.87987
4.11801
1.50141
3.16876
2.43504
3.09683
2.9663
2.91099
2.67441
3.30258
2.67644
3.32377
3.22268
3.10911
1.48543
2.85036
3.46045
1.1745
1.16012
1.16012
3.20152
1.92584
1.92584
1.35786
1.37022
2.17343
1.37168
1.04854
2.49748
1.38634
1.09839
3.28277
2.68993
1.86386
5.01933
5.86312
3.85374
4.73129
4.55509
2.60326
2.60326
2.09536
5.25474
4.53267
4.59313
6.16196
7.5966
2.73312
2.66886
2.86045
4.6865
2.94391
3.46326
2.13658
3.57373
1.92532
2.25652
2.96172
4.69761
2.21768
2.55044
3.85671
2.87848
2.66018
2.66018
1.13426
2.86312
2.56109
4.84904
6.5242
2.53556
6.59982
3.22206
3.10908
1.4841
6.66028
2.85259
4.65145
4.53042
4.59546
6.15862
2.74338
2.69538
5.00758
5.85692
3.93201
4.69964
4.46781
2.41587
2.09377
5.6584
1.08827
1.00153
3.42812
2.59357
1.87218
1.36934
1.37315
2.21196
1.38436
1.0298
2.77785
1.38345
3.14374
1.19645
1.21092
2.79689
6.65958
6.07929
2.63792
6.65012
2.14958
2.54201
3.86349
2.94388
1.15468
2.85267
2.13636
4.28542
1.92354
2.25621
2.97635
4.54077
3.46898
2.95791
2.06274
1.7123
3.14806
2.48253
3.13019
2.48507
3.40936
3.29088
2.16484
3.47104
2.95873
1.20504
2.39474
1.20485
2.39435
2.16542
3.41235
3.29711
2.08793
2.59145
2.59257
2.62224
2.62349
3.50615
2.89975
1.66606
2.58695
2.20232
2.52475
1.2595
1.42886
3.29432
1.61955
1.4707
3.12829
1.45216
1.48275
2.60453
2.59869
2.60026
2.60106
2.35637
2.20423
2.52609
1.25848
1.43263
2.3102
3.0656
3.2197
2.83171
1.6153
1.5939
3.0841
3.23513
1.46953
1.44522
2.60448
2.59869
2.60105
2.60023
2.33137
1.41003
3.87386
0.801774
3.57253
1.53413
3.17172
1.51591
1.58552
3.06894
1.24965
3.0744
1.24671
2.67069
1.96379
2.61329
4.95522
1.52713
1.59207
2.32692
2.72744
3.87685
0.793469
3.57281
1.53439
0.962355
1.76395
0.96242
1.76355
2.50788
1.15801
2.62528
2.67139
1.96337
2.71806
4.92078
3.17284
1.31114
1.59063
3.03921
0.782029
3.4439
2.79317
3.11438
1.5829
1.76843
4.21344
4.98085
4.60746
3.72924
2.29565
3.15836
4.85031
1.33183
4.52898
6.34291
4.54872
4.56814
4.55232
1.2158
3.39934
2.78458
0.73434
3.69195
1.89117
1.316
1.316
1.3583
3.22238
3.12937
1.72913
1.3628
2.10586
1.77712
1.37291
1.58761
0.821851
1.7899
1.38389
1.79855
2.61861
4.21467
1.49911
5.20607
0.898499
4.35444
4.72523
2.29888
3.9814
4.05366
2.11334
1.9313
2.9703
1.19024
2.8584
4.68892
1.31858
1.55217
3.35912
2.97773
1.04421
4.5746
3.32836
2.68632
2.85976
1.34308
3.45883
2.76843
0.731693
1.80067
1.55103
1.21216
2.4217
1.24621
7.46958
4.53094
6.34254
4.54932
4.56817
4.55244
4.55008
4.55212
4.56809
4.55361
3.13769
3.20154
1.08976
1.57448
0.965825
3.11855
3.1543
5.15554
6.28226
3.26026
1.6154
3.81114
0.87775
1.48114
3.19712
8.38394
3.13412
3.13412
3.47695
3.28285
4.07545
0.964071
2.44231
3.64162
3.25968
1.63036
2.57071
6.34379
1.29884
1.54818
3.04333
3.45409
0.792492
4.7601
5.07205
5.61047
4.15726
2.7969
3.11485
1.58344
1.7741
1.62996
2.96451
2.27915
4.45356
1.61559
2.66143
2.00781
1.45243
2.68368
2.85782
2.97054
1.18496
2.85871
4.69044
7.60562
1.31519
1.55682
4.37114
4.76845
2.30157
4.01363
4.0446
2.11896
1.94406
2.60599
4.31242
0.7735
1.32299
5.09124
0.890541
1.79616
1.36231
1.76858
1.37661
1.70032
1.3072
1.56732
1.8062
1.38628
1.80453
3.22216
3.32822
1.89492
1.29983
1.29983
1.80641
1.36033
3.98094
1.63098
6.51313
3.33654
1.61467
3.80095
3.1586
8.76131
3.12993
3.12993
3.26869
1.39079
1.48089
3.30764
4.07938
0.96464
2.24963
2.24963
3.67571
3.27866
1.63066
2.61738
6.56576
1.37527
2.592
3.47355
1.58366
2.92405
1.74098
1.6692
1.67419
5.0992
3.6281
3.6281
4.54995
4.55162
2.36304
4.56803
4.5536
2.84888
3.21768
1.57068
0.970865
2.6637
2.81876
2.69262
2.69262
2.50696
4.98301
1.80026
1.58104
1.58104
1.16768
2.31073
2.33674
1.34503
7.2734
2.82376
2.78868
3.18309
3.20023
2.737
2.7347
2.60579
2.59537
2.59551
2.59918
2.67834
2.59772
2.60206
2.68049
2.59799
2.6022
2.74048
2.74211
2.60707
2.59557
2.59542
2.59975
2.68338
2.59807
2.60302
2.68194
2.59781
2.60292
2.52801
1.74445
1.43796
1.63433
2.73711
2.73449
2.60578
2.59552
2.59535
2.59917
2.6806
2.59801
2.6022
2.67816
2.59769
2.60203
3.18225
3.19317
2.86201
2.83954
2.55147
1.75021
1.51479
1.64059
1.54533
3.75431
4.97855
2.53335
1.54549
2.99626
4.47445
3.07374
3.89141
2.21552
2.44281
2.68029
2.90281
3.87898
1.21765
2.12227
5.3576
3.37829
2.49923
3.23508
3.25027
2.96501
4.43791
2.64346
1.6371
2.85305
4.6197
1.4446
1.97741
3.35933
2.98192
4.55045
4.59662
4.691
2.86377
2.12202
5.40662
3.40029
2.50497
3.47343
2.88513
1.57467
2.61048
2.64048
2.60332
2.71351
2.62277
2.67317
2.60881
2.60166
2.70841
2.91406
4.59175
5.78498
1.52251
3.77285
4.79835
2.47757
1.63042
3.1798
1.67254
4.29322
3.33907
1.37053
4.1368
2.40933
2.1892
3.24497
3.23904
2.62196
2.67013
2.60864
2.6016
2.61042
2.64044
2.60331
2.71339
3.93348
2.70837
2.91388
4.59188
5.78498
4.11963
2.40365
5.97977
2.59444
1.22008
4.2855
3.07508
6.42184
2.25498
7.02275
1.97082
1.97082
2.36099
1.60587
3.37507
2.02533
1.78751
3.16824
0.897577
2.10043
1.90693
0.701653
2.50438
1.21369
1.92661
0.941387
1.88236
2.59443
1.60237
3.09785
1.79749
2.50011
2.33007
3.84448
2.53939
2.30855
3.62502
2.6836
2.11079
1.91943
0.70224
2.51166
1.20193
1.92409
0.882933
0.93899
1.88399
2.59301
1.60322
3.09022
1.79309
2.29623
2.99519
2.63197
1.22045
2.91524
2.72131
3.71155
2.08073
1.93829
7.09002
1.77393
1.41079
2.95308
2.1488
1.90792
2.94283
1.70426
1.84362
2.47427
1.64104
1.78868
3.37444
3.16817
1.17747
1.87709
2.39296
2.26964
1.29906
1.38411
5.97974
2.59492
4.28521
3.07547
6.42178
2.25516
7.0227
1.97091
1.97091
1.40848
2.2665
2.26035
1.87686
1.38702
2.30522
2.99971
2.62609
1.21863
2.98485
2.73771
3.6894
2.07981
1.93469
1.71464
1.38144
2.95354
7.04635
2.11355
2.9358
1.899
1.70008
1.83966
4.56583
2.86072
4.67352
3.30114
2.97828
3.34171
4.55034
4.5975
4.69167
2.86402
3.30237
2.98249
3.34175
2.48509
3.65952
0.916618
2.82201
2.92291
7.23762
6.75913
2.41202
3.23142
2.52652
2.55429
3.4317
1.47317
3.29346
1.56226
5.72631
6.1239
6.34754
1.59734
4.61253
4.6074
4.24776
1.27277
2.84326
6.12712
0.93842
2.16192
1.24047
1.24047
3.53753
1.27977
1.27977
2.25941
1.83422
1.79322
1.36546
1.72704
1.69886
1.78912
1.3778
2.27264
4.61494
1.14703
2.07812
4.75413
1.72993
2.02345
1.96752
1.792
3.59263
1.71555
1.3217
1.75065
3.97883
2.13834
1.75241
2.03744
1.97946
3.39185
2.20334
4.25582
1.78639
1.38813
1.77419
4.14294
2.15388
3.42167
2.39949
1.60484
1.60484
1.90254
5.09807
4.15598
2.44979
2.93397
2.21095
2.20711
3.72928
4.2752
0.985991
6.08912
3.42454
1.07621
2.01731
1.76468
2.15665
4.98841
5.22915
4.31513
3.87759
2.31137
2.444
4.37209
3.75457
2.5429
4.61621
2.89118
4.57614
3.99429
2.52173
2.52173
4.09809
3.74932
2.17122
2.24299
5.90589
2.35921
3.71277
4.92742
5.62621
3.28378
2.10418
6.88476
6.70331
3.18568
3.70633
3.0614
2.74817
3.17909
3.31781
5.67469
3.11001
1.40597
6.39458
0.994192
1.5783
1.85648
2.04792
1.90767
2.75969
1.42853
1.40971
1.64976
2.72229
1.80815
1.99054
2.32827
2.17336
2.77545
2.00341
1.39031
3.10781
2.21158
6.16191
3.54642
1.02419
0.760706
3.4392
1.82044
4.58114
4.58663
4.24299
3.71954
1.27252
2.80227
2.5617
2.78865
2.28085
3.95609
3.23548
1.91897
4.79578
4.69568
3.42693
2.11932
2.70672
1.06014
3.72201
2.38579
5.82342
6.6372
5.79136
1.73263
3.379
3.06968
5.86921
3.05426
1.36028
4.30927
2.40541
6.15042
4.53894
4.495
5.48286
3.10228
2.9532
3.58806
7.36959
0.92817
1.49064
2.70364
2.59373
2.34636
2.93645
2.08824
2.08824
1.54761
3.43023
7.28532
2.53834
2.47979
3.65739
0.917943
2.81715
7.19743
6.5951
2.92091
2.4109
3.23064
2.56315
2.52386
3.42061
1.47292
3.30481
1.56208
5.22689
5.44912
6.04096
1.59894
1.40894
2.74333
3.15716
3.31687
5.67836
6.91788
6.73721
3.18475
3.82995
3.07931
0.986259
6.08859
1.71432
3.42804
1.76591
2.15093
5.22384
4.98147
4.28428
3.85345
2.42071
4.38441
3.55894
2.55818
4.59753
2.93116
4.54183
3.97644
2.32246
4.09375
3.79371
2.14763
2.42547
2.10247
1.68653
4.76006
3.85412
2.43593
0.942037
2.669
1.50891
3.67076
2.23407
2.84878
4.21177
1.80331
1.36929
1.88233
1.90163
1.77895
1.37596
4.60122
1.81807
4.50628
1.70996
1.82645
1.93885
1.93885
1.81526
3.51651
1.73956
1.36881
3.64858
1.64319
1.70025
1.48797
1.96305
3.5796
1.83631
1.79782
1.38989
1.78365
4.3153
3.85153
2.15179
3.31385
2.19559
1.24117
1.24117
3.20846
1.28442
3.10821
2.95883
3.58107
7.04384
0.969608
1.80552
1.52531
2.75715
2.60847
2.38326
2.94722
2.63796
3.68319
7.06172
1.54717
0.837771
2.62903
6.50457
2.88202
3.11814
3.14498
3.87966
1.72936
5.08381
2.75526
2.75526
2.53298
2.78877
2.28163
3.17892
3.21043
4.6958
4.82301
3.43747
2.17386
2.69684
3.64528
2.40527
5.77155
6.53574
5.77988
3.39992
1.73769
5.95796
3.06253
3.01963
3.01963
1.85141
2.04722
1.9047
2.73467
1.42851
1.75303
1.75303
3.2014
1.98883
1.25725
2.3304
2.17035
2.77447
3.10418
2.1999
5.6606
3.54466
1.02147
0.760642
3.43335
2.24029
3.05122
3.29648
1.96169
3.72217
3.34707
2.52858
1.96983
3.70699
2.52064
3.32471
3.02696
2.80625
3.29385
3.12132
4.28846
3.6909
3.03334
2.81222
2.2145
2.52576
1.99572
2.60263
1.57065
1.56676
2.5987
2.60038
2.60108
2.60524
1.56615
1.53889
2.5987
2.60109
2.60034
2.60525
2.60253
2.28557
1.8896
2.06687
1.82756
1.58695
1.57743
1.65878
2.04999
1.83365
5.01645
3.15979
0.901558
1.67414
2.98816
1.28205
1.28205
1.82618
1.01478
1.98627
1.97455
2.20258
3.59896
5.93883
3.57097
3.78446
2.68751
2.86155
6.07116
3.80667
3.69491
5.05449
3.2976
5.01736
3.15985
5.05145
1.98042
0.916338
1.53924
0.928997
2.50955
1.54041
3.57933
1.7609
1.96661
2.44337
3.18301
5.99557
3.76076
3.614
5.95641
3.57096
3.79276
2.68768
2.86188
1.98635
1.97449
3.60064
1.82663
1.01339
2.13468
2.86448
1.45349
1.96512
1.03895
2.44486
3.1697
0.908454
1.97818
1.53885
0.929812
2.51281
2.80895
5.03831
1.74393
3.02885
3.03143
3.05269
3.05139
3.02893
3.03133
1.72911
5.05751
3.33458
5.61769
1.33014
2.74083
2.21416
2.18072
5.95913
3.6122
2.68405
2.85865
6.08224
3.81753
3.70191
2.86214
2.68887
5.63929
2.8305
1.72351
1.33558
2.47491
3.91877
4.18165
2.69635
1.53252
3.31106
1.34497
0.869541
1.61413
2.33193
1.68391
2.32497
0.868453
2.6936
1.52432
3.30152
1.86996
1.61407
0.957467
1.96169
3.64535
3.76223
2.45905
3.11812
1.00878
1.00167
2.21411
3.64543
3.76213
2.17536
2.01365
4.13911
1.91833
3.95851
4.18596
2.86027
2.68654
6.081
3.70482
3.82536
2.86235
2.68898
6.08998
3.71327
3.83637
2.0132
4.11609
1.91773
1.80055
2.04005
2.04005
5.36886
5.05287
2.53709
2.53709
2.50855
2.30587
5.23427
5.71405
4.83893
5.03954
2.38052
5.93884
1.93978
2.66362
5.18244
3.7495
3.09002
3.67448
3.22857
1.91567
1.49996
2.19173
2.14831
1.03862
2.07511
1.99635
1.91026
1.94363
4.17472
1.90142
4.16734
4.30488
4.22363
2.98495
3.23869
0.881531
1.14973
1.6563
2.90884
0.979685
2.81095
1.39353
1.49817
3.08069
0.926879
2.89187
0.696937
2.64613
1.12512
3.36776
2.72856
2.95525
1.6546
0.967019
2.87532
0.685371
2.81683
1.37275
1.5345
3.0665
0.925693
2.63985
2.06075
1.16534
2.90035
3.27931
1.5464
1.80303
3.45274
3.18151
3.40235
1.5745
0.718207
3.722
3.02188
3.24464
0.888295
1.14955
1.06562
2.08477
2.11191
2.01351
2.539
1.06633
2.12981
3.20967
2.29011
2.09412
1.70467
2.12011
1.86727
4.17486
4.3856
4.31384
4.37317
3.74458
1.98567
3.43961
2.73445
2.50064
1.92006
3.88431
0.8692
1.98545
3.43691
2.74397
1.91987
3.8822
0.868821
0.781719
2.51188
1.91836
2.54256
1.66658
2.08472
2.11188
2.05256
3.249
2.35729
2.09408
1.86739
2.12004
4.17482
4.38547
4.31381
4.3731
0.963778
1.54735
3.18155
3.39919
3.44959
1.45943
1.36062
1.86446
2.14913
3.70358
1.44195
1.74832
4.05147
2.60852
3.06259
1.91216
2.07513
1.99635
2.1898
2.15434
1.91035
1.94366
4.17492
1.90144
4.16741
4.30493
4.2237
5.12169
4.36788
3.05854
3.65079
3.24587
1.92085
1.50397
2.59544
2.59559
2.59978
2.59783
2.68215
2.60298
2.59811
2.68354
2.60307
2.74087
2.74248
2.60714
1.76012
5.09997
4.3646
3.33268
2.5728
1.45109
3.64745
1.16983
2.65894
2.62805
2.70747
2.60195
2.61089
2.64049
2.60336
2.61139
2.71418
3.94573
2.7084
2.91461
4.59213
5.78461
1.4326
1.74087
4.0511
2.60361
3.06255
1.90497
0.843693
2.81388
1.20343
2.64052
2.60337
2.6114
2.71421
2.62761
2.60191
2.61091
2.70743
2.70843
2.91466
4.59201
5.78506
3.89183
2.22924
2.43893
2.67953
2.90274
3.88626
2.06146
3.81327
3.28866
3.34479
1.45068
3.64817
3.06215
3.39365
3.92774
2.08645
1.1546
3.1644
1.08107
1.21992
3.80988
2.06589
3.23934
2.1835
1.36896
2.64734
2.03582
1.42688
1.48271
0.895511
0.891205
4.31356
1.44876
3.62321
3.51014
1.70971
2.71445
3.79199
2.14294
4.04909
3.33627
2.82624
0.870661
3.2357
5.1947
4.47265
5.00794
5.69032
1.91785
1.78321
1.86867
2.35006
2.3906
3.01212
0.928579
2.09264
2.14021
2.23576
2.19707
1.97236
2.18803
4.41167
2.04455
2.2232
2.68182
2.25449
4.26961
2.15706
3.08064
2.51697
2.09616
2.33331
1.91791
2.15537
3.09879
3.14332
1.56847
1.57576
2.18694
0.917103
1.33701
1.45945
1.42109
2.95857
3.03487
2.08296
3.10566
3.15544
1.56252
3.20835
1.57193
1.578
3.37261
1.40872
2.02964
1.61707
3.39013
1.20797
2.37528
2.04167
2.00716
1.89788
3.38944
3.88463
3.96674
3.85686
3.30539
2.56502
2.11137
2.51428
1.48291
0.895534
4.31376
0.826164
1.54453
1.44924
2.53116
1.96716
2.84819
3.06601
3.42589
1.54319
2.51655
2.52454
0.779803
1.32336
1.96319
2.84792
3.06568
2.51657
3.42527
1.54266
3.35501
1.44938
1.26177
2.03101
3.3601
3.90472
3.4658
1.20528
2.42066
2.04163
2.00755
1.89948
3.96659
3.85869
3.30426
2.56186
2.51376
1.11373
2.18695
0.917223
1.33059
1.42621
1.3931
2.97064
3.04752
0.797694
1.64176
2.0829
2.25939
2.38259
3.17095
2.41018
1.09014
2.11013
3.16294
2.3986
2.13826
3.26099
2.08346
2.13433
2.23644
2.19737
1.97245
2.18831
4.41194
2.0446
2.22321
2.68185
2.25452
4.26964
2.1573
3.0789
2.09562
2.18497
2.33157
1.9174
2.15544
3.63531
3.51703
1.71303
2.71785
3.79635
2.14841
4.06343
3.39614
2.80857
0.873638
3.24119
5.03381
4.68607
6.01938
5.57344
1.91662
1.78363
1.86997
2.34983
2.39279
2.1737
0.933726
3.01547
2.54548
1.42512
2.72502
3.1456
1.52032
1.59386
0.817304
3.76763
2.94704
0.936955
1.82995
3.247
2.08917
2.15566
1.39806
0.844971
2.80531
3.73587
3.38877
1.5678
1.66493
2.47557
2.53721
3.18385
1.3037
2.10387
4.29107
4.62935
4.38058
5.085
4.76927
4.84993
3.15025
2.43113
2.25878
2.38236
3.17074
2.40993
1.09014
2.11013
3.15888
2.39863
2.13823
3.261
3.28243
4.48523
2.04447
2.23091
3.06649
3.80799
4.06671
1.94694
1.98022
2.08432
1.79965
1.75357
1.70378
3.39294
2.04627
2.13653
2.05761
2.01414
1.64063
2.19249
4.37171
2.49273
1.82478
1.93528
2.74313
2.7235
3.54986
1.84167
1.62109
2.51696
2.30221
5.40269
2.39814
3.25668
4.62788
4.10881
3.00685
1.76055
1.08457
3.72464
1.78692
2.00213
1.82356
3.78939
1.9418
3.06313
3.261
3.58082
5.14608
3.47218
2.54312
2.74895
3.17085
3.33533
5.68269
5.98855
5.30488
3.01426
3.60108
3.27769
2.74774
2.49641
5.96819
1.95734
2.67597
3.50963
1.82414
4.95894
4.51775
2.45087
0.939508
1.55586
1.54241
3.16544
3.08879
1.57366
1.61562
3.53213
0.942199
0.952215
2.77711
1.60545
1.83091
2.66242
0.930714
2.18616
4.84896
3.15008
2.4305
5.41517
3.0781
1.29375
2.09996
4.29496
4.31485
4.62299
0.899547
1.93613
1.53058
1.43201
3.1769
1.35109
1.7742
1.56998
2.64426
1.57731
3.24043
1.66117
2.3691
0.910357
1.7575
1.9839
2.45004
3.82687
2.78949
0.867511
2.14934
3.24766
1.90015
1.58665
3.71122
2.26843
3.15107
1.52039
3.08822
1.47618
0.899027
3.25604
2.09215
1.86969
2.15775
1.39898
0.847151
2.80493
3.73704
3.4337
1.63745
1.66505
2.4759
2.55643
4.34768
5.86509
5.60183
4.04153
2.73725
1.24694
3.18795
3.18795
5.21097
2.92128
5.23462
2.84442
1.40011
3.56974
3.2516
1.34753
3.30454
3.00822
2.95104
1.02777
4.97226
3.59899
1.22932
1.74058
1.55118
4.76258
5.25166
3.06653
3.26179
3.58205
5.18533
3.472
2.55464
1.87129
2.74921
3.17221
3.33609
5.68288
4.88227
3.30473
3.71512
5.66051
2.11033
5.8596
5.28097
3.00933
1.02188
2.72138
3.54679
1.84762
1.62432
2.50969
5.417
2.39835
3.25614
4.62675
4.10708
2.99172
1.76044
3.73439
1.79376
2.01024
1.82459
3.79051
1.08868
1.94668
3.42062
4.42599
2.05083
2.24305
3.06312
2.4349
3.80122
1.87618
4.06477
1.94272
2.07246
1.69263
1.52027
3.3654
2.16281
2.06746
2.20005
4.41104
2.48229
2.70946
4.35014
5.87428
5.62353
4.06877
2.74045
1.31152
2.10845
1.52247
1.4276
3.17718
1.77259
1.57621
0.876806
2.64026
1.57326
3.25046
0.83841
2.83221
0.910461
1.62803
1.75684
1.98447
2.45636
3.8368
2.78921
2.14637
3.24716
1.90031
1.58336
0.942893
2.03052
3.72188
2.57923
5.01693
1.04701
4.24244
2.35297
1.81368
6.28023
4.76845
4.26186
5.50242
0.939141
1.55655
3.19144
3.10562
1.57355
2.28496
3.55511
0.942993
0.966639
2.18377
2.78925
1.62738
1.58687
1.83177
2.66457
0.931306
2.1898
1.08276
1.61004
0.897048
2.99548
1.5402
1.57891
3.34221
2.14375
2.19111
1.60821
3.61646
1.93039
3.08725
1.5629
1.5904
3.35408
2.35273
3.17781
3.85905
6.97273
4.93266
2.42437
5.29411
3.53067
2.60379
1.09583
2.70949
5.4594
6.42348
3.04239
3.04239
2.2905
2.1233
3.1302
4.79918
1.27249
4.26795
1.39884
2.53042
2.51946
5.17653
2.84319
3.29965
3.01503
3.35363
3.35363
4.81499
2.98027
3.03687
3.25316
3.56976
2.45417
2.96897
3.5887
4.93213
1.23776
1.18892
5.589
2.74377
3.15884
3.3199
5.68206
1.5614
1.74205
3.11786
3.28549
3.6062
2.74894
3.33762
5.6853
2.75178
3.18316
3.13223
4.81205
4.29278
5.71449
2.8931
3.11257
2.69593
1.72895
3.85621
5.69571
2.54889
3.52378
5.33487
7.27743
5.19581
2.6703
5.08901
6.15749
1.17235
2.00116
2.08625
2.49666
2.22598
2.19121
2.54981
5.32968
7.27793
5.19608
2.6709
5.0891
6.15767
3.97731
4.1278
3.62291
1.81211
0.871973
3.3519
1.6739
1.6409
1.77418
2.24175
3.68186
2.1026
1.93758
1.73147
2.805
1.45395
2.95387
1.49562
3.17826
3.10148
1.56502
1.54095
1.86337
2.60579
2.03305
0.946919
3.56686
2.81045
3.17252
1.73673
1.64649
3.13382
1.58267
1.60617
2.22165
3.06285
2.23746
3.03969
2.46495
1.61659
3.63054
1.95607
0.883957
1.64978
1.77777
2.8175
1.45866
2.94115
1.47011
3.15032
3.07223
1.57037
1.57238
2.24136
3.67955
2.10236
3.17651
1.73838
1.47266
2.0185
3.16716
1.58118
1.59641
1.8633
2.60586
2.03293
0.946822
3.56662
2.81036
3.00885
2.37135
1.96938
3.66758
3.75452
4.33739
2.10426
2.23711
4.3354
2.16326
3.00837
2.37098
3.66724
3.7545
2.10971
2.49772
3.65837
3.06711
1.69031
1.73574
4.14012
3.77513
3.8877
4.00368
4.13202
1.95393
2.69567
1.83252
3.50048
2.49638
5.96635
2.45214
4.50527
4.95298
3.31922
5.67819
2.74839
3.17964
4.16548
4.80845
3.11091
3.27906
3.60238
3.33819
5.68539
2.75193
3.18349
3.11959
3.28698
3.60691
2.74997
2.10919
2.11651
2.08549
1.00575
2.49217
2.57995
3.65691
3.06592
4.13903
3.77365
3.88628
2.27999
1.88744
7.22591
3.09117
2.18725
2.19384
2.18297
1.99513
1.51119
3.67059
1.4491
1.86905
1.98449
1.5947
1.45153
1.86391
3.6706
2.15841
2.13835
2.05979
0.948455
2.14194
2.19455
2.16201
3.05706
3.05579
2.16126
1.13142
6.8853
3.09388
0.94842
2.06245
2.07356
2.14612
3.10464
1.21457
5.05725
3.33497
6.88527
1.49117
1.10174
1.81671
3.06517
2.14126
1.07039
2.08435
1.80696
2.55421
2.69382
1.51023
3.29169
2.17247
2.1688
4.32991
1.79309
2.09152
2.16116
2.16199
2.17614
1.77634
4.33148
2.15562
2.18915
1.49287
1.10112
2.13255
1.90141
2.56747
2.64331
1.52114
3.38509
1.77623
2.8024
4.1123
2.80854
4.14114
6.30642
5.03805
3.24905
2.77981
3.23282
1.56407
3.22248
3.29528
1.64848
1.59533
2.06144
1.49207
1.27602
2.05779
1.50202
2.01274
3.05575
3.90957
3.38923
2.0813
1.2178
1.21835
1.24157
1.99365
2.55963
2.3462
2.06282
1.2155
1.23925
1.99413
2.56033
2.34113
2.05759
2.29189
1.02661
3.63602
2.74475
3.82843
3.81613
0.884668
2.27852
2.20565
2.2172
2.20969
2.06235
2.03942
2.18184
1.88982
2.19898
2.20942
2.15692
1.90481
1.0999
2.32466
4.29263
2.20614
3.1331
1.42783
1.53126
3.0042
3.10928
1.48238
2.14717
1.60514
3.58178
2.39648
3.0137
1.85758
3.16704
3.05746
2.19213
2.2375
2.16875
2.58702
2.54707
2.32144
2.14268
1.85194
3.20156
1.88366
3.22198
1.99291
1.95883
2.07825
1.81674
1.07816
1.10992
2.235
2.16818
2.20404
2.54414
3.14754
1.43777
1.53323
3.00382
1.40461
3.10936
1.50576
2.14717
1.0451
3.58183
2.39649
3.01364
1.71688
3.22452
1.88519
3.23926
2.00424
3.34587
3.2531
2.09377
1.10942
1.8519
2.07547
2.24165
3.17101
2.09396
2.10418
1.91041
2.44879
2.12633
2.38003
3.81888
1.79628
2.12957
4.08313
1.82768
1.92924
4.38058
4.39562
2.07177
2.10171
4.33253
2.51169
4.35711
2.13697
1.83538
1.77536
2.05631
2.25958
2.30995
2.09397
2.39177
2.10417
2.36221
2.16587
2.25668
1.89665
1.86259
2.41215
2.45158
2.12631
2.38953
3.17241
1.70301
4.1112
1.80874
2.12954
1.92921
4.38048
1.19803
4.39554
2.51169
2.10174
4.3325
2.13126
4.35701
2.07104
3.21462
3.2485
2.17487
2.16467
2.15768
3.30067
3.27736
1.54224
2.1522
2.13369
2.14396
1.58683
1.87462
2.21861
1.7072
1.55183
2.82868
2.26243
1.63038
2.09927
1.68693
3.65453
1.83564
3.33527
3.42452
2.13719
2.09618
2.09692
0.892288
1.11922
2.16742
0.886186
1.02811
2.06444
2.08379
2.20851
2.21731
2.23199
2.06236
2.31386
2.03942
2.18283
2.16665
1.88988
1.9048
2.16912
2.32467
4.29271
1.09987
2.65079
2.22002
1.13187
7.82025
5.37377
1.06597
2.10757
1.91655
1.94337
3.56617
3.67121
2.67707
2.67433
3.07584
3.00688
3.48491
1.76905
2.54109
1.13037
7.8246
6.07776
1.06544
2.10567
1.94212
1.91474
3.57055
2.66292
3.67546
3.07756
3.48647
3.00994
1.91513
3.14112
3.86022
2.01925
1.97826
2.28035
1.99012
3.53738
5.34194
7.27778
5.19724
2.67135
5.08899
6.15737
1.54582
2.82866
2.26242
1.62256
2.09062
3.21686
3.23989
2.15795
2.1507
1.52439
3.29739
3.26391
2.15795
2.13352
2.14463
2.09861
2.10833
3.65693
1.8301
1.77357
1.97745
1.20817
3.32824
3.41552
2.09675
1.96538
0.892618
1.8966
1.11921
2.1654
0.892128
1.02811
2.0561
2.0531
2.01113
2.33772
2.19638
7.27795
5.19768
5.34235
3.53771
2.67145
5.08899
6.15759
2.42434
6.97332
4.93212
5.29402
2.60378
1.08034
2.11655
2.71818
5.44722
6.42255
3.04217
3.04217
2.2897
3.85926
1.34043
5.17583
1.68739
1.07112
2.47279
2.73324
2.41111
2.07296
1.41944
1.46039
2.62423
2.36732
2.19584
1.944
0.943571
3.2279
4.86185
5.16402
6.0009
5.26088
5.97711
5.28586
5.41841
5.47436
0.95652
1.36148
2.60131
1.60028
1.5708
0.971736
1.80964
2.5448
2.81658
2.45903
2.15529
2.21915
2.2081
2.04817
2.15938
2.08185
2.16508
2.15578
1.84563
3.39687
2.62483
2.62784
1.13527
4.45869
3.23816
3.53242
2.04205
1.29736
2.49026
2.48461
2.06867
3.21215
2.35006
2.00073
2.15133
1.31328
1.98939
2.30185
4.13983
1.80355
5.6301
3.89085
5.32191
3.81503
5.29014
5.24913
1.28009
1.82154
3.33765
1.22315
2.4921
3.53925
2.04192
1.31053
1.1302
2.48311
2.07054
3.3441
2.36399
1.11681
2.0007
2.16069
1.98945
2.31268
1.12509
4.18515
1.81098
5.62994
3.89077
5.32187
5.29264
3.81513
5.24981
1.84008
2.2035
2.20095
2.30055
2.34981
1.68697
1.98997
1.94699
2.57465
2.01063
2.02161
2.4657
2.19295
2.22778
1.83592
2.04449
1.44471
3.35121
2.24372
2.16869
2.15169
2.10701
2.01235
2.3299
1.13518
4.45937
2.16318
2.15817
2.2197
2.20849
2.11749
2.0567
2.1695
2.17584
2.08202
2.16523
3.39944
2.62544
1.19031
2.0834
2.15154
1.68489
2.46637
2.65355
2.42529
2.07222
1.42913
1.46659
2.75965
2.39337
2.31309
2.07476
0.94307
3.23117
4.94308
4.90523
5.84861
5.40405
5.72408
5.24148
5.14728
5.36271
1.30009
1.60136
0.948589
0.934804
2.52273
2.43863
2.20718
2.30009
2.07835
2.3495
2.03178
2.18524
2.57448
2.01122
2.46551
2.19292
2.22772
1.83591
2.04449
2.15165
2.10696
1.44495
3.34378
2.24371
2.16867
2.01231
2.32987
3.35908
3.52233
2.65266
2.64795
2.66316
2.27883
1.57787
4.72531
1.57625
1.38092
1.54673
3.47354
3.80255
6.19881
4.64478
4.25504
1.51381
1.51381
1.51381
4.21687
3.40891
3.31448
4.07946
5.66008
5.61248
4.97334
6.1992
4.58996
4.24775
1.46072
4.22417
3.31377
4.05054
2.47259
6.30951
5.0315
1.98551
1.98092
3.13786
3.75348
1.10225
1.10234
3.83682
3.81594
2.50202
3.99313
4.50184
2.99733
1.12259
1.90613
6.71487
3.48817
1.36326
6.93989
6.52573
6.64524
6.3521
7.60059
8.58453
1.44197
3.77357
2.53584
2.93991
2.39213
1.7831
2.09233
2.81737
1.51868
2.08965
1.91377
4.92032
2.56429
1.50859
2.21145
1.2766
6.71715
1.47036
2.27775
3.49465
1.36435
6.9549
6.64923
6.69155
6.44774
7.60491
8.58613
3.78646
2.54099
2.34195
1.78199
2.08841
1.02101
2.81786
1.51963
4.93579
2.56297
2.20011
2.09831
1.91678
3.30167
3.39752
4.49093
1.30595
3.4306
1.44382
3.42904
1.4159
1.30668
2.34404
1.99918
3.09336
1.31702
2.34442
3.06251
1.3057
2.6839
3.35524
3.71097
3.71188
0.927674
2.09501
2.59294
2.59296
2.62655
2.60724
2.62809
2.60805
2.59299
2.59298
2.62891
2.60823
2.62771
2.60743
2.18124
2.59296
2.59294
2.62816
2.60807
2.62638
2.60719
2.13801
3.09212
5.08467
5.15292
5.14436
5.05442
3.29259
5.09134
3.30116
4.54876
4.82098
4.94585
4.56161
2.55067
6.06541
5.05894
5.05795
2.50129
4.5475
4.80856
4.95367
4.56244
5.35082
2.27377
1.57789
1.52121
2.94266
4.99574
4.98829
2.50293
2.50854
1.18979
2.18403
2.2331
2.17167
1.81762
1.90898
2.59298
2.593
2.60748
2.62781
2.60824
2.62897
1.15839
2.49206
2.33814
3.23814
3.99992
1.6311
1.45525
5.16217
1.61109
3.0454
5.16323
3.37141
3.34954
3.4201
1.40218
1.76389
1.4104
3.42171
3.35603
1.74421
2.602
2.60259
2.60066
2.59891
2.59903
2.59926
2.6008
2.59935
2.59977
2.60156
2.59966
2.59998
2.49582
2.33607
2.55455
2.32479
1.59406
3.41382
1.40154
3.37117
1.41565
1.40676
3.42458
3.39468
3.36431
1.76148
2.60257
2.60197
2.60066
2.59902
2.59892
2.59926
2.60155
2.59966
2.59999
2.60076
2.59933
2.59975
2.89821
0.860362
2.77388
3.18579
1.55476
3.20814
3.17666
3.77174
4.07558
2.43994
1.34169
1.64951
2.62941
3.81155
3.82227
4.05331
2.43921
1.34351
2.52523
3.77797
1.41806
1.50863
2.85958
2.77468
3.51538
1.52362
2.69054
1.55412
1.21549
2.78491
1.83882
2.2326
3.29444
2.48315
2.36419
2.42268
5.87571
4.80066
4.53418
5.39515
4.90515
4.54367
2.44869
5.89282
4.9326
4.55881
5.92799
4.91242
4.55577
1.14191
2.85946
2.4719
6.01429
5.0399
5.07544
5.46848
3.53737
5.02733
4.95971
5.08858
3.3121
2.4926
2.4831
2.36514
2.42911
5.8807
4.80927
4.53598
4.90651
4.54435
2.4493
5.8946
4.93255
4.55888
2.4944
5.92805
4.9132
4.55593
2.49097
5.91528
2.49199
4.91905
4.54888
5.91819
2.49085
4.91727
4.55109
5.00467
5.00894
2.46751
2.47198
2.48946
2.48924
5.91605
4.55888
4.9324
4.91848
4.55623
2.49372
2.49034
5.92909
3.52819
1.53052
2.71431
2.78405
1.62503
5.1318
4.66276
2.34344
3.54229
3.70763
1.26665
4.09849
3.36689
3.06188
2.47602
6.03131
5.0449
5.07617
1.57274
1.89091
1.40981
1.69855
5.70347
3.0184
2.49044
5.91503
4.91932
4.54842
5.91843
2.49094
4.91703
4.55069
5.00389
5.00892
2.46757
2.47122
2.48888
2.48844
5.91584
4.55875
4.93219
4.91856
4.5561
5.92859
2.77489
2.64243
2.77262
2.64156
2.61445
2.61418
2.59383
2.59596
2.59391
2.59609
2.59722
2.5973
2.64404
2.6235
2.60124
2.59839
2.60764
2.59981
2.64593
2.62445
2.60173
2.59865
2.60804
2.60003
2.78339
2.6448
2.78485
2.64538
2.61616
2.61635
2.59395
2.59628
2.59387
2.59616
2.59766
2.59758
2.64755
2.62622
2.60185
2.59893
2.60924
2.60056
2.64624
2.62556
2.60136
2.59868
2.60894
2.60037
2.19001
2.28514
1.82418
1.42027
2.08776
3.6021
1.92605
2.77495
2.64246
2.77228
2.64148
2.61446
2.61416
2.59391
2.59609
2.59382
2.59593
2.5973
2.5972
2.64602
2.62447
2.60174
2.59866
2.60805
2.60004
2.64388
2.62341
2.6012
2.59835
2.60759
2.59978
2.09997
2.11153
1.41669
1.95458
4.366
3.10229
4.71133
3.02915
1.33261
2.22661
4.24808
2.10043
4.04136
3.33938
3.06519
2.04158
3.70761
4.79296
5.03099
5.46143
3.53758
4.55956
4.91875
4.566
4.96237
5.91818
5.96378
2.50729
2.49609
5.07541
5.05203
6.05173
2.55155
2.73692
5.08486
3.31469
2.50886
5.03573
5.0128
2.51083
4.38071
3.14832
4.7392
3.02729
1.2466
1.3309
2.22612
4.24884
2.10195
1.52247
1.57043
1.49312
2.60621
2.62029
2.61296
2.61722
2.64877
2.62025
2.60418
2.60792
2.60939
2.64376
2.6699
2.6278
2.62296
2.60929
2.60931
2.63472
2.62642
2.61313
2.61375
2.60422
2.60705
2.6042
2.60233
2.60467
3.92213
4.95434
4.70124
5.94706
7.24695
3.64547
2.62144
2.60887
2.60859
2.63215
2.62507
2.61201
2.61314
2.60409
2.60653
2.60401
2.60223
2.60433
2.60619
2.62023
2.61293
2.61719
2.64873
2.62023
2.60417
2.60791
2.60938
2.64369
2.66984
2.62778
3.92166
4.95444
4.70125
5.94705
7.2471
3.64619
3.36663
1.76586
2.55954
1.44637
4.83857
2.20235
2.41204
4.37775
1.23427
2.54824
1.45774
4.78883
2.67378
2.11195
4.80861
2.40763
2.36455
4.37677
2.55084
6.06513
2.73972
5.05492
5.0568
2.45016
5.02716
4.95934
5.08961
3.29219
2.49269
5.1166
5.38552
5.47304
2.74874
4.55997
4.91893
4.56668
4.96273
5.91822
5.96391
2.50739
2.4962
5.07593
5.05225
6.05165
2.55178
2.5104
5.03614
5.01309
5.08726
3.29543
2.51137
5.46555
1.76464
3.28615
2.0881
2.386
2.08635
2.08675
2.15255
2.46041
1.28513
1.53952
1.54811
2.59893
2.59905
2.59932
2.59939
2.6011
2.59987
2.59969
2.60166
2.60008
2.6025
2.60286
2.60086
1.28008
1.41485
1.55775
2.59905
2.59893
2.59932
2.59969
2.60167
2.60007
2.59938
2.60109
2.59988
2.60286
2.60251
2.60086
1.46646
2.15248
2.06514
2.23973
3.62063
3.62209
2.79394
1.51389
2.1876
2.55626
2.36386
1.20696
2.04527
1.60274
2.18789
2.55534
2.36577
2.04569
0.989132
2.06487
2.23941
3.61998
3.62405
2.79505
1.74727
3.24021
1.93482
3.39297
2.09682
0.904394
1.73911
2.48218
4.11194
2.18029
2.08684
1.08284
2.46593
4.12753
4.27011
3.60569
0.873029
2.14853
3.34405
3.25037
3.5965
2.14252
1.86225
2.23494
2.35065
2.08802
1.71135
2.61367
4.15563
4.20638
2.55948
2.25585
1.07244
2.48224
4.11205
2.1803
2.46595
4.12763
2.41252
4.27011
1.04836
3.03752
2.01653
2.30775
1.7686
3.02126
1.05562
3.21893
1.93122
3.3673
2.10619
1.94578
2.59388
2.59619
2.59396
2.5963
2.59761
2.59767
2.60139
2.59872
2.64639
2.62571
2.60041
2.60902
2.60186
2.59895
2.64765
2.62632
2.60058
2.60931
2.78454
2.64504
2.78603
2.64559
2.61629
2.61647
1.05183
3.03278
1.91869
2.01465
2.30655
3.02037
1.28594
3.27306
2.55778
2.66517
3.47783
1.11396
1.24216
3.47067
1.26161
3.53423
1.93956
2.5664
3.17635
2.47608
2.31361
1.16247
2.23862
2.28051
4.09167
2.63956
2.61139
2.61583
2.66268
2.6414
2.62441
2.60502
2.60318
2.60718
2.6198
2.60568
2.61143
2.61724
2.64889
2.6204
2.60796
2.60432
2.60953
2.60655
2.62122
2.61331
2.67018
2.64459
2.62815
2.55047
3.92112
4.95509
4.70131
2.50455
5.94722
7.24644
3.64642
3.22801
2.43521
1.7804
4.34538
1.11967
2.61727
2.64889
2.62041
2.60797
2.60432
2.60954
2.60655
2.62122
2.61332
2.67019
2.64459
2.62816
2.61116
2.63936
2.61574
2.60493
2.60315
2.60714
2.60568
2.61979
2.61141
2.66261
2.64138
2.62437
2.55078
3.92123
4.95492
4.70131
5.94712
7.2466
3.64644
2.54675
2.44931
1.65419
3.28508
1.17351
2.66597
3.47806
1.11467
3.13665
1.43341
1.24582
3.49179
3.5368
2.572
2.23568
3.24238
1.93731
3.62002
0.943832
2.20227
3.30734
0.92809
2.85404
3.70471
2.19291
3.53043
2.02858
2.18457
2.03755
2.71041
2.30938
1.0593
3.5446
2.07269
2.73803
3.00376
2.35525
2.15123
2.40034
2.75604
3.18677
2.60042
3.90202
3.18396
1.97916
2.13526
1.93095
2.6359
2.21886
2.24797
2.18168
2.18947
2.60024
1.15994
1.9026
3.37217
2.38252
4.189
1.87707
1.26241
4.03856
5.55133
1.1764
1.17724
4.34803
3.45594
2.65088
4.60659
1.31253
2.12562
2.1431
1.13397
2.06113
4.18551
1.86818
4.06162
5.54373
1.16847
4.34777
1.88322
2.23034
3.45464
4.60832
2.14277
1.13395
1.49331
1.84611
3.62884
0.909833
1.13626
2.35531
2.1262
2.75852
3.18689
2.45901
2.60049
3.90204
3.18397
1.98044
2.13547
2.24803
2.40372
2.22188
2.59724
1.16001
3.37224
1.20076
2.23989
3.25156
3.62688
2.1504
2.18698
3.31376
0.927221
2.86341
3.70997
2.20981
3.53104
2.32035
2.02812
2.1843
1.05979
3.54588
2.0907
1.96352
2.73782
2.81345
2.99875
2.70983
1.48394
1.86897
3.63724
0.909236
3.79778
1.98693
2.0636
1.78873
1.06396
3.75014
3.19615
3.02666
1.86245
2.33708
1.06396
3.75467
3.19866
1.86242
3.02717
1.7293
2.15772
2.15954
2.79589
3.58703
2.55702
1.938
1.98586
1.15378
2.21135
2.58883
3.10482
2.18699
1.94987
2.98853
2.23696
2.28852
3.10448
2.31241
1.76274
3.00666
1.04951
2.39922
2.66716
3.6646
2.15477
1.01818
3.85752
2.72659
3.23264
3.05678
2.0063
1.75458
1.56851
2.78392
3.57297
1.13347
2.54933
2.65159
2.58545
3.07222
1.9485
1.14516
2.98224
3.10321
1.07027
2.3102
3.00156
1.75962
1.07853
1.82119
2.66775
3.66621
2.73136
3.04181
2.38294
2.00167
3.15834
1.98182
3.30294
1.86699
0.949356
3.48047
1.71374
4.87161
2.34365
3.41118
2.18757
2.14709
2.27118
2.77805
2.17768
2.15268
1.15806
4.34474
4.32475
1.85449
4.80762
3.86399
3.23104
1.93715
2.6594
3.87884
4.34502
4.33827
1.85438
4.80829
2.01036
2.34877
3.37192
2.14692
3.80364
1.83116
4.50569
2.0294
3.23195
1.93718
2.66044
1.16768
3.12922
2.17577
4.09269
4.14117
1.71231
5.45548
1.67073
4.77902
1.25258
4.09924
4.78018
1.26072
3.25808
5.54478
1.58756
3.08729
2.10407
4.13511
3.2606
2.49535
3.11458
1.40848
1.70607
2.00956
1.2649
1.44666
1.88644
2.80927
2.2427
8.28508
2.85036
4.76248
1.56254
0.883143
2.83716
1.98253
2.16915
2.25766
8.28181
2.94391
4.75745
1.57033
2.84872
2.00205
2.04086
2.78156
2.23731
1.246
1.43881
5.25087
2.02448
2.07802
1.41972
4.53254
2.34982
2.71029
2.7103
2.07257
5.25345
2.02223
4.46255
2.01428
2.01224
1.75923
2.01077
2.73837
4.27018
1.34032
2.93012
2.30341
2.17867
2.01064
1.4154
0.894559
2.05051
1.44118
8.37907
5.509
1.57882
1.97946
1.10433
2.03975
6.15024
2.49911
5.1183
2.10258
2.54756
0.940414
4.88989
3.0667
5.20561
2.02354
2.17774
2.21032
4.00583
5.74258
1.70437
3.14021
5.90725
5.08063
2.82698
0.797475
1.32902
2.93911
3.02422
2.66524
2.82601
2.35754
0.882881
2.89117
2.7396
4.2749
5.93417
1.17716
5.07814
2.84364
3.17548
2.06022
6.03652
2.51993
1.48293
5.07408
2.30934
4.9321
3.06964
5.20496
2.00916
2.27307
2.19789
3.95213
5.35611
1.68329
3.09592
1.82645
5.71011
2.06172
2.08625
1.44884
2.24471
2.68754
2.45377
2.8921
1.62558
4.49885
2.89947
3.78073
1.74931
4.75678
3.01986
0.771886
2.05463
1.30573
3.10513
2.08005
2.01859
1.59465
2.0413
1.96254
3.6046
2.06069
1.95836
3.6044
1.7333
2.04242
2.01904
2.18842
1.88904
2.05097
1.3083
3.09976
0.776558
2.17733
1.88535
0.800968
1.57132
1.83842
2.20012
1.99107
2.07965
2.28032
2.67628
1.60501
1.8382
2.77664
2.09437
3.7131
0.817007
3.29463
3.26339
2.67744
1.33373
2.77791
2.09432
3.47197
3.23383
3.33912
1.75953
1.54472
2.18459
1.75146
1.97536
2.09922
4.00502
2.0345
1.04106
3.4396
1.4412
3.43981
1.44167
2.87755
1.6481
0.918354
3.61855
1.7585
3.20764
2.02548
1.04098
4.21674
2.07152
1.89143
1.52966
2.77129
2.79458
1.66799
1.43073
3.22288
1.73479
3.34005
1.75962
0.891491
4.99532
4.02653
2.36012
3.38419
6.59542
2.78236
3.52358
3.77273
1.78262
4.20711
4.99777
4.02386
2.35991
3.38426
6.59506
2.782
3.52298
3.77185
1.46047
1.78288
4.20741
1.88728
1.41957
4.21562
2.49791
2.7346
2.86936
3.61852
1.7588
1.89113
3.20734
2.1793
1.88892
1.62093
4.00509
2.03455
2.16078
1.99291
2.10339
1.58311
2.18411
2.80396
5.5046
2.71334
1.82862
2.43593
4.34868
4.46222
4.9606
3.94723
2.20125
2.16693
1.62083
2.26794
1.61382
7.21123
1.00286
2.01721
7.56156
1.81297
1.75338
4.76142
2.73264
1.68526
4.62325
2.29907
3.73744
3.42202
1.79187
2.05629
1.38739
2.15245
1.73016
1.98473
2.17845
2.1595
1.97574
2.18675
2.33664
0.816787
2.40816
2.28618
1.80004
2.16765
2.89239
3.84836
4.58947
5.20121
3.9715
4.28555
4.51734
3.79296
2.85058
2.72352
1.97989
2.38825
2.83518
2.26215
1.62165
2.09561
7.31993
3.52575
3.0532
3.36764
1.25043
1.46432
1.25043
4.48124
3.76531
4.35097
4.45566
4.96098
3.94194
5.48816
2.72262
1.63259
2.0131
2.04801
3.72553
2.79456
1.81704
3.55397
2.64345
2.49995
1.59917
2.98069
3.52474
3.56569
2.36573
4.13656
1.48144
1.42228
2.00475
3.88778
0.842282
2.00671
3.44869
1.45529
3.27919
0.815579
2.80429
3.20062
2.78497
2.84442
1.65134
1.12279
2.82847
2.72708
2.84596
1.97246
2.39474
2.30207
2.8921
3.84083
4.59744
5.20185
2.17625
1.96177
2.1879
1.70416
2.16197
2.73087
2.28268
1.75505
2.04183
1.82044
2.02643
1.97601
0.94984
4.42516
3.78875
2.75517
1.77876
2.26682
2.0553
2.12229
1.68578
2.11364
2.18663
1.98194
1.76692
7.6483
4.94794
2.36922
2.31073
3.1986
2.78358
0.90253
1.35164
2.52011
3.21775
2.99023
3.69726
2.2779
4.19402
2.25201
3.86968
0.826016
3.26704
1.99725
3.44563
1.45414
2.60887
5.45412
4.40197
5.02462
1.07804
1.09279
1.39289
3.52777
3.04446
3.27806
1.20041
1.46694
1.20041
1.54074
1.40762
4.58221
1.44637
3.78192
2.60387
4.43208
4.18811
3.32916
1.46518
1.77381
3.307
1.08655
2.5991
4.43364
2.46283
4.20175
1.77172
3.30302
0.894503
1.96271
2.75706
3.30331
2.69247
8.3071
1.58051
5.62697
7.28149
1.43209
3.09306
2.18969
2.22163
4.43104
1.24719
1.12086
2.11201
2.84319
1.65219
1.04501
1.1298
2.19481
4.43263
4.45042
2.85293
1.68443
1.6162
1.91153
4.72733
3.1449
3.83096
1.74439
2.89463
3.68745
3.9323
2.76157
2.61824
2.79527
3.10662
2.63167
2.22122
3.25028
8.14977
1.5305
5.43615
7.1088
2.64065
6.50436
2.60356
6.9589
2.06187
1.42846
1.82104
3.68563
2.75932
2.61807
2.79506
3.10627
2.07031
6.37372
2.73526
2.53255
4.19766
3.78131
6.95974
3.88672
3.85018
4.27296
2.98962
1.50082
2.24126
2.99801
0.941975
2.33388
3.56583
2.11889
2.22358
2.68754
1.43832
2.04457
2.38604
2.09746
1.99778
2.06253
0.855732
2.73595
2.06253
8.2996
1.65461
3.38597
2.68258
2.2928
2.33007
2.48696
2.6836
2.00256
2.05832
0.867957
2.7356
2.05832
8.31529
1.65597
3.38394
2.68524
2.29536
2.54182
2.54182
1.45547
1.51783
1.38462
1.49842
2.24176
1.20489
2.24176
3.06703
2.14703
2.99695
0.942485
2.33212
2.12
2.21841
2.11904
2.09796
2.3856
3.56495
2.2235
1.52543
5.01834
1.48738
2.28542
4.49098
4.49802
4.46823
2.31044
2.2216
2.16337
2.56814
6.37372
2.73525
2.5325
1.22004
4.19765
3.78131
6.95971
3.88671
3.85014
4.27294
1.3735
1.60086
4.9996
1.47873
4.47486
2.31328
4.46771
4.49119
2.5233
1.4487
1.44164
1.49068
2.28265
1.20871
2.15347
2.10147
1.91077
1.60496
4.1204
1.60379
2.41202
8.20235
2.24187
2.24187
3.4673
3.43945
3.40745
2.94742
1.66699
3.34072
3.46233
3.41237
4.13636
1.33356
2.25701
5.42578
3.7193
2.5538
2.80278
1.97816
1.97816
2.10049
1.90598
1.60417
1.6894
0.93842
0.93842
9.07632
2.09296
1.57271
1.54993
1.54993
2.51418
2.32046
1.61659
2.95387
3.33156
1.69886
3.79889
2.17635
3.83333
1.89763
2.78757
2.65975
1.74061
3.69351
2.89704
2.11405
1.82547
2.3863
4.86064
2.06598
2.40296
2.6207
6.19916
2.06598
1.63493
8.21094
3.50973
2.12929
1.63972
1.47829
1.83885
3.54494
2.13132
1.60902
5.97585
1.8646
2.01569
4.14207
2.0588
1.98566
1.93855
2.17064
1.9527
4.02208
2.34647
3.13858
3.04203
1.87434
5.81758
1.90254
1.08211
6.71771
1.34016
1.55467
3.57247
1.99075
2.31019
2.26156
3.222
5.21366
2.19114
4.00268
2.25658
2.18781
2.42562
1.85724
4.23881
2.36994
1.86564
2.44583
3.27706
5.15426
0.881371
7.48781
1.71449
4.238
4.15513
4.76199
1.29004
3.44517
2.38578
2.72752
4.08436
2.71878
4.21751
4.64023
1.73172
3.09232
1.02101
4.13207
2.66662
2.61997
5.00575
5.93069
5.59502
4.38859
3.27233
1.09254
8.04028
6.48309
4.1358
1.95548
4.79187
2.28109
4.82096
4.08721
3.928
3.38071
3.23271
5.93614
2.35921
1.24451
4.38509
4.78342
2.85809
2.28038
1.8544
1.94426
3.61018
7.86467
2.61012
1.31323
6.80805
6.51234
5.81518
3.64784
2.93898
3.06718
3.58621
5.97675
3.83508
7.09248
0.994192
0.994192
8.14796
1.26212
1.37031
2.79416
1.31888
1.80338
1.69402
2.84685
1.45193
2.41515
0.863928
1.46452
2.01122
4.0847
1.63279
3.86697
1.66261
5.42102
1.33377
2.246
1.99603
1.99603
6.24362
3.79546
2.48239
3.51649
2.48239
3.30202
3.08876
2.79243
2.66609
2.77614
3.04813
2.95206
3.06959
2.70944
2.82626
2.38579
5.52669
3.12279
6.78366
2.30587
2.92855
3.96998
3.98638
4.25113
1.98046
5.10281
3.4496
4.52435
3.65295
3.15931
1.44747
1.82697
2.34662
1.75786
3.82462
1.61357
1.34271
3.03272
1.34271
1.34271
3.99041
7.99357
2.58886
3.0498
3.88492
3.33545
3.45828
1.86166
4.10267
3.91466
1.41838
2.55131
2.94666
4.11644
1.60375
2.4109
8.17847
2.24192
2.24192
3.45995
3.43846
3.12164
1.67034
3.02608
3.62132
3.43839
3.43582
4.0063
2.92554
3.02793
3.57459
5.97608
2.14811
2.63481
3.74856
7.03852
1.31206
6.80912
6.51468
2.19398
5.82576
3.60768
2.66219
7.91978
3.63553
7.49664
4.20155
4.13565
2.01611
4.73145
3.43829
2.37315
1.07754
2.63589
4.05092
2.71284
4.11829
4.6336
2.30908
1.73192
1.28987
3.08115
4.12157
2.6226
2.63763
4.95739
5.83109
5.59418
3.88198
3.17548
7.80457
6.4626
4.05205
2.06965
4.99711
2.31966
4.81745
4.08379
1.13091
3.90488
3.38992
3.18928
2.51005
3.12963
3.02725
5.76878
1.73435
1.10679
1.09498
7.27701
3.30274
1.96245
2.33551
2.34494
3.13996
5.17216
2.233
3.88043
2.2433
2.30393
2.40491
1.84151
2.33913
4.06944
2.47509
0.916191
1.84726
3.32228
5.11414
3.87884
1.88233
1.75499
3.85511
2.17827
4.03876
2.7901
2.70319
1.14673
1.74559
3.72024
2.15279
2.89734
2.39699
4.89912
2.00032
2.38476
2.62243
6.18339
2.12327
1.97222
1.81526
7.46165
3.54222
1.48422
1.7655
2.11655
2.11686
3.84341
1.52456
6.36158
2.17149
2.12565
1.93312
2.14986
4.04275
2.13842
3.92957
2.52985
2.05501
1.57648
1.57648
2.54102
2.01143
1.57042
2.78649
3.633
0.942893
2.03052
2.8545
1.43018
3.78316
2.32783
1.74714
1.62669
1.46416
3.26218
1.46416
2.09997
1.46416
3.94495
8.21873
2.11153
2.68915
3.04951
1.44814
3.86698
3.32
3.47039
3.73175
0.942893
1.34497
1.88314
4.24001
2.91858
2.58982
2.65493
5.10661
4.97382
1.91404
5.32222
1.67414
3.4623
3.46114
4.01179
5.36232
1.69674
2.74259
1.69674
5.37726
6.26242
3.79315
2.46274
3.50814
2.46274
3.30013
5.99437
2.40527
6.55334
2.66362
3.07225
1.36091
1.40459
2.75288
1.80189
1.68887
1.27171
1.27171
1.66529
2.89278
2.00124
0.826749
2.40437
1.46498
1.54855
1.99296
1.8035
4.10872
1.63228
3.85813
1.66446
1.53793
1.63897
1.52394
2.30878
2.55138
3.47867
1.74654
2.46213
2.5512
2.57295
3.47854
1.27601
1.15641
3.17753
1.69289
1.01551
2.9821
3.68265
0.915773
3.17967
1.69539
1.01462
5.06835
5.92475
3.03071
1.12592
1.65056
2.09101
3.90223
2.13845
2.18241
3.91765
2.03577
3.99312
2.04893
1.01788
3.77045
2.1589
1.97069
3.11176
2.08313
4.43431
4.28388
4.19374
3.95594
2.36062
3.9401
2.87608
2.10997
5.07726
2.05313
2.83205
4.56995
4.8342
4.97308
4.87763
4.97711
5.06997
5.06769
5.17806
5.03654
3.83209
0.926057
2.12824
3.6276
3.28791
3.69651
5.62011
3.37748
5.86971
7.83466
1.07762
2.83253
4.30456
3.80164
3.99317
4.4829
4.6247
4.83991
4.65053
4.93661
4.42265
4.25841
2.08293
1.75412
4.17694
3.93069
2.20257
2.16923
3.94007
2.27732
1.0034
2.87741
5.07837
1.9616
1.64628
3.03703
1.12627
2.09688
3.9118
1.79831
2.13264
2.19566
3.90338
2.03459
3.98598
1.9832
1.75064
2.15118
2.05094
1.01886
2.1926
3.755
2.01289
1.63912
3.10171
6.39244
1.94012
8.15342
3.8237
0.924129
2.12829
3.628
3.2871
3.69643
5.78921
3.37626
5.93127
5.18418
2.03944
3.72639
2.80044
3.5344
4.05494
2.27999
2.81531
3.75105
2.82503
1.53416
0.927784
2.09498
2.81529
4.11708
1.5368
1.51121
2.41433
4.79274
4.13215
2.3501
4.83709
2.26575
5.774
5.36108
2.42137
1.89211
3.96197
1.06692
1.19356
2.8295
2.83471
4.13798
2.36026
4.83389
1.32887
5.77276
5.35172
5.72146
2.74967
4.38288
3.32815
5.52094
2.48687
3.58638
2.31319
2.46223
1.90746
1.40233
2.55011
1.2105
4.0054
2.04696
3.8816
2.45358
2.4491
1.96897
4.23672
2.50752
5.41579
2.47155
0.957529
1.44476
1.90984
2.03306
2.01997
3.7085
3.68541
1.33978
2.49676
5.43401
2.46707
1.57616
1.43063
1.87735
2.02886
2.0191
5.59381
2.21624
1.92399
2.54495
2.6843
4.05551
1.90757
2.49565
5.59319
2.21453
2.1331
2.05784
1.74917
3.95312
2.5832
1.96376
1.80143
3.92999
4.24023
2.45568
2.83563
2.83486
2.2292
2.1347
2.05726
1.7273
3.91127
1.95932
3.94884
3.5377
1.69593
5.42358
4.69619
5.64066
1.17651
5.37457
2.53471
4.99669
4.98965
6.35399
5.36104
5.92803
1.91779
3.98225
3.52421
5.39615
4.95084
2.6213
3.3628
0.795266
2.89605
1.76702
1.7075
3.09273
3.62595
3.32147
2.51961
1.09237
2.4318
2.20287
2.3475
2.199
2.17811
2.61689
4.39261
2.03593
2.65082
2.4875
4.10472
2.29274
2.27176
2.14184
1.51196
2.76795
1.66631
3.5402
2.25576
1.53081
1.05526
2.08955
3.64969
2.17166
2.23796
1.57082
1.5856
2.5178
1.21133
2.01865
2.20973
1.84514
3.18604
1.29779
3.40954
3.58103
1.20552
2.00646
2.21844
0.799116
1.59225
1.5675
2.51499
3.41261
1.84275
3.1843
1.30562
3.65914
0.96078
1.98662
1.35931
1.86494
1.45921
1.63614
1.33577
2.14254
3.60507
3.23616
1.47765
2.09769
2.59826
1.55181
2.00943
1.66714
2.76914
1.60506
1.53509
1.0531
2.07868
3.5405
2.25574
2.08957
2.14267
3.6494
2.17146
2.23788
1.97023
2.38596
2.13561
3.35902
1.45944
2.62195
0.795762
1.58925
2.89506
3.08216
1.4577
0.919223
3.01367
1.94432
3.07719
3.01829
1.465
0.918844
1.95116
1.95691
1.06853
2.60565
2.07172
2.13559
0.717758
1.80463
1.55051
1.99185
3.60904
1.34058
1.52236
3.23818
1.6387
2.01278
1.48081
2.09831
2.59953
2.08437
2.09073
1.52822
2.65435
2.09039
2.0534
2.1153
2.16429
2.2093
2.30538
2.55175
1.12352
2.53773
3.94945
2.20485
2.19463
2.61691
4.39267
1.08284
2.03595
4.10468
2.29811
2.30406
2.13794
1.83212
0.957053
1.70932
3.10451
3.62982
3.33478
1.76361
1.05387
1.49968
5.85741
1.13567
2.09999
1.18088
2.18185
1.61302
1.91113
2.25774
3.69713
2.79045
2.62081
2.79673
3.10765
1.53752
2.65452
1.88814
2.06849
2.05336
2.10158
2.28448
2.72248
1.39256
2.95507
2.18348
3.07192
1.5032
3.03584
1.53862
2.19955
2.68624
1.26499
1.99019
1.21212
2.26702
2.2774
2.62082
3.69724
3.94599
2.79677
2.79047
3.10771
3.09307
2.19813
2.2232
2.28863
4.15234
3.2419
1.97034
2.28645
2.47814
2.12456
1.78675
1.50089
5.85695
2.11163
2.94332
1.15165
4.03727
2.4217
4.07796
3.25072
1.61925
1.98021
2.50452
2.09326
1.78842
6.48626
6.92047
2.73181
1.344
2.95999
0.811942
3.06443
1.46417
3.02594
1.52397
2.10139
3.82455
1.6224
3.78338
1.53359
3.43669
3.25793
2.82101
3.11337
3.31303
2.51038
1.99938
2.92862
3.00712
1.5216
1.98922
2.31725
3.77576
3.10267
4.19777
3.45991
3.83695
0.805049
1.45896
1.58829
2.46821
1.9944
2.7013
2.92624
2.61546
0.825181
1.40769
1.55557
2.60828
3.36093
1.98509
3.78412
1.99064
0.92261
2.99047
3.3658
3.31496
3.14435
5.65448
1.48297
1.58003
3.74408
5.2151
0.904788
3.5938
5.20389
1.93776
1.66811
5.63935
4.33746
2.16002
2.15812
0.947884
3.74643
0.999384
2.0075
2.49574
5.91076
3.19049
2.30998
4.87683
3.81257
5.20584
2.11339
2.14887
2.12448
2.18491
0.913501
1.99505
1.17667
2.12053
2.08334
3.35582
2.65395
1.2073
1.17061
2.40703
1.55147
1.57187
1.57569
3.20783
3.18475
1.32827
0.804894
2.77991
2.52739
3.52073
2.63013
1.89029
2.07559
3.75193
1.61954
2.75655
0.960689
3.66431
2.24637
2.53816
1.54872
1.93778
3.23219
1.58683
3.2323
1.73158
3.20355
4.61344
4.83294
1.11266
2.06331
1.1017
1.83629
4.97874
4.32308
2.40785
4.48833
3.2594
2.82101
3.11341
3.31286
2.5155
2.00292
2.92848
1.98969
3.00779
3.10377
1.46062
4.19776
3.46
0.805027
3.83718
2.31746
0.91837
3.77631
2.46822
1.9943
2.70861
2.93647
2.61536
1.40837
1.55556
2.60978
3.36231
2.02959
1.98522
3.78522
1.99233
2.99047
0.922597
1.53917
3.36665
3.32304
3.15498
3.63064
5.39252
2.78589
2.52802
3.7209
0.78375
2.85831
3.15554
2.71783
1.55049
3.66946
1.48751
3.64419
3.18303
1.3267
3.23035
0.924244
1.96539
3.35498
2.92626
6.05902
2.89231
2.44385
3.04445
3.09074
3.23312
2.66327
3.87904
2.55536
1.77805
1.42684
3.90103
3.62829
5.37862
2.77851
2.52217
3.72071
2.86981
3.15394
2.71717
3.65928
1.48447
3.67434
3.1836
3.25661
1.96502
3.35317
2.9256
6.02843
1.54891
2.89148
2.44329
3.04425
3.23297
2.6627
2.55545
1.77778
3.87839
1.42653
3.90107
0.923885
2.48193
1.83627
4.97604
1.27966
4.32296
4.48823
4.61277
2.13859
4.83256
2.16986
1.33345
2.78804
2.53415
3.52097
2.61235
1.45941
2.06242
3.74772
1.61958
2.24662
2.75669
0.960656
3.66501
2.53841
3.43562
2.19323
3.16788
2.02147
2.19937
1.58701
1.43336
0.941907
2.28869
2.99043
2.35558
2.40677
2.21193
2.13003
2.15915
1.84042
2.51699
1.98196
1.17666
2.10622
2.48752
3.35827
2.65078
1.20991
2.63595
2.21942
2.38345
1.07077
5.59432
1.47537
3.73388
1.57763
5.30987
3.5883
5.08572
1.94463
5.23863
4.35167
1.66918
2.19832
0.954233
2.56102
2.15644
3.74696
2.00605
1.58343
2.1737
5.85083
3.20714
2.31717
4.7666
3.82892
5.49637
1.83134
0.972026
2.64596
3.81321
2.19427
2.12079
3.06773
1.50456
3.45508
3.85561
0.866896
3.63989
3.2693
2.09631
3.47025
1.66054
3.25697
0.907231
1.50161
1.54028
3.0367
2.34985
1.78891
3.81532
3.51861
3.83018
2.88315
3.14062
1.50951
2.94314
2.19201
4.27933
5.21718
2.0444
1.36248
2.27754
5.35848
5.02868
2.27051
4.86817
4.94103
3.65083
2.25556
3.17042
2.20384
1.83023
2.19662
1.67676
1.43672
0.941767
2.28865
2.9904
3.06979
2.42
5.0283
2.30678
1.81727
2.12548
4.41462
4.87805
2.06925
3.75917
1.07143
1.74863
0.998003
4.12545
0.913094
3.90065
3.8088
2.12417
1.84339
1.84324
2.18002
4.18833
4.07647
2.1091
1.64539
1.9161
1.52095
3.61374
2.16315
5.13161
2.15072
2.12025
1.88209
2.09475
2.17576
2.17474
2.59526
4.68595
2.26664
5.69526
4.80272
2.18164
1.95007
5.37139
3.24815
0.966314
2.16577
1.93924
2.10993
4.46769
3.84187
5.08434
1.00697
4.65899
5.75336
3.63066
2.46315
1.63287
2.37101
5.22079
6.00792
1.11752
4.38713
4.25175
3.95679
1.81355
5.17525
2.50744
3.94663
1.97689
6.83754
4.12699
5.79561
3.39085
4.7707
1.8544
5.25359
2.93328
3.6049
6.00128
2.70259
3.78972
3.06039
7.09093
4.9319
2.53753
5.08117
2.90254
5.73543
5.35618
5.09529
5.23367
2.62073
4.13321
3.10873
5.84189
2.56345
5.11612
5.38468
5.92541
2.45209
4.67274
1.82414
2.28458
5.88831
4.84751
2.24419
4.17084
4.80793
2.13983
3.34065
1.58568
3.69625
1.51606
3.13616
1.7063
3.21759
1.3506
3.65542
2.28089
1.85876
2.6226
3.29124
2.13425
2.00995
2.05485
3.27295
3.6722
5.02987
4.86646
2.27124
4.93947
1.31533
5.65181
5.1179
5.01604
1.52216
2.65424
2.03757
1.06951
5.22028
2.0448
2.19221
4.28469
2.4581
2.56639
2.47789
2.14376
2.00475
3.6625
1.73388
3.1987
1.36653
3.34775
3.101
1.47762
3.14436
3.16466
3.42014
1.82897
0.871228
3.11437
2.728
1.53877
3.18509
1.59185
2.06254
2.90678
3.36494
2.36222
0.880548
1.81867
3.6503
2.9508
2.31232
1.67336
3.36054
1.80761
3.67118
3.0556
0.912685
2.35717
1.51825
3.66141
2.75726
3.40142
2.05856
3.8593
2.59471
7.49687
2.70125
3.15836
6.37668
1.54564
1.77439
1.60855
1.85704
1.46471
3.20071
2.8398
2.54854
0.947901
3.21579
3.73134
2.67089
3.25982
1.55381
0.874109
1.76876
3.07849
3.43699
3.9655
4.11186
1.59345
2.20515
3.71039
3.11446
3.47458
3.90319
2.34611
1.65937
0.905765
3.6817
3.2133
1.70846
3.37076
3.25929
3.03862
2.52883
1.5022
2.71041
2.354
1.8055
3.83315
0.908049
3.52494
3.83588
2.88977
3.1064
1.49299
2.92343
1.31153
6.43866
5.98981
3.62465
8.08261
4.31534
0.952114
3.91795
3.064
3.82115
3.05494
5.7717
1.34753
2.48856
1.87577
2.79126
2.88206
1.188
2.05236
1.29087
5.79905
3.37599
1.87129
2.93407
3.6063
6.00256
3.79812
3.0634
7.09647
1.24174
4.39413
4.77206
1.95537
2.86407
2.27997
2.53765
5.05858
2.90392
4.89208
5.73639
5.3664
5.06746
5.23525
2.61703
4.13936
0.969678
2.3602
2.18148
4.79378
1.952
5.36676
1.08454
3.1949
2.16388
1.94554
2.11522
4.45855
3.83997
5.0828
4.66941
1.11828
5.74932
3.63044
2.37455
1.63489
5.18955
6.04139
4.41267
4.28532
3.95539
5.17657
1.96933
2.49948
3.95923
1.97498
6.85354
4.15726
3.08695
5.06386
2.07227
1.01911
1.80342
2.31245
4.42609
4.88392
2.61594
3.74791
4.10732
1.75921
1.0743
0.907704
3.90585
3.80906
1.83459
1.91584
1.65958
2.1151
1.84382
4.19615
2.21207
4.07289
3.60479
2.06746
1.99156
2.27377
5.50997
1.87665
2.16012
2.16778
2.1019
4.55464
2.59336
1.8989
2.16984
5.65269
6.6258
1.24705
6.00375
3.62084
8.06941
4.28438
0.951493
3.92426
3.05926
3.80256
2.55211
2.11461
3.66711
1.75298
3.20515
1.96722
3.35362
3.09636
1.47632
3.15383
1.81382
3.11148
2.72243
3.16175
3.41596
1.53931
3.19114
2.90363
1.58278
2.05384
1.66217
3.40248
2.36583
1.81226
2.20531
0.884226
2.94935
2.31353
1.71556
3.59278
3.75659
3.05462
2.35719
3.66005
2.2568
2.75245
3.39918
2.05251
3.85554
2.59845
7.14884
2.81196
1.52623
3.16512
6.40197
3.20955
0.912356
0.846132
1.51498
1.85489
1.39303
1.45819
0.867714
2.84496
2.5488
3.21791
3.7461
0.949839
3.43322
3.92648
4.10993
2.69274
3.27004
1.55344
0.875863
1.77135
3.09401
5.12293
1.6342
2.63905
2.01478
1.05618
2.97503
2.78977
2.66278
2.76971
3.04168
2.93928
3.04827
2.70296
2.80737
3.95553
2.92154
2.76963
3.96762
3.99301
1.99693
4.5245
5.09666
3.4626
2.13875
1.60555
3.35407
3.69527
1.51751
3.12624
1.41431
2.01068
1.66646
3.19029
1.75287
1.98544
2.28361
3.6794
1.87655
3.11578
2.5215
3.29256
2.13461
2.06448
3.35194
3.6969
4.07929
1.17549
1.47261
3.00083
3.18006
0.863833
2.37129
0.902182
1.9698
3.6947
3.08641
2.50224
2.99939
3.15223
3.14816
1.54743
1.44434
0.913299
3.38137
3.24106
1.67851
3.22336
1.59465
4.11818
2.99263
1.47107
3.17351
0.862445
0.901914
2.36499
3.68326
1.81891
1.60296
3.08211
2.49825
1.46569
2.99741
1.44671
1.56126
3.14481
3.18123
1.54463
0.913292
1.76576
3.37019
1.63092
3.23102
3.24324
1.59028
1.67328
1.65972
0.92718
3.84891
2.14594
2.36556
4.30741
6.68819
3.82143
3.40385
3.68177
3.32166
2.90722
0.792451
2.11267
2.04852
2.84264
2.71349
2.93037
3.19516
0.835604
3.38236
3.109
3.77934
2.08563
2.78338
3.28894
3.06809
3.02039
4.09508
2.07606
1.21437
3.42426
2.51505
3.22432
1.97331
1.40261
5.66166
1.40331
1.40331
1.89082
2.47175
1.04102
2.33176
1.17523
2.80381
2.89612
1.18119
2.3117
6.28422
2.92701
3.57783
5.96964
3.75983
2.96026
7.0094
1.28207
5.85764
2.5647
5.10919
5.37613
3.61402
6.0117
2.93919
3.07466
3.81912
7.10428
3.02293
4.09656
1.27829
2.08085
2.73157
4.4578
5.33216
1.73448
1.66268
3.43334
5.64672
3.45946
5.30813
3.95636
1.69168
1.69168
3.46273
3.00947
1.63709
3.12514
3.13705
2.86257
2.51015
5.00235
5.05286
6.61029
3.8321
3.56802
3.33298
3.71456
2.91821
2.73256
2.97448
5.44462
3.39244
3.51648
3.29018
3.64547
2.79597
2.61811
3.06719
2.90613
6.7989
1.60872
2.62208
4.71628
3.21534
5.30376
3.18954
3.42286
2.95306
2.92396
3.35966
2.96617
2.96191
7.77144
4.18473
3.53885
3.2851
1.96453
3.52497
3.1239
3.13618
2.86189
2.51037
5.00067
5.05219
6.6055
3.83019
3.57637
3.33217
3.71366
2.91814
2.73249
2.97437
5.44469
3.39234
3.51623
3.28978
3.64619
2.79584
3.06698
1.80532
4.02213
1.92249
4.07059
2.46024
2.4632
3.24708
1.59037
3.23427
3.28347
1.96569
0.86447
3.624
3.3836
2.14508
2.00358
1.57315
1.83112
2.18936
1.43262
2.35654
3.35296
4.24873
1.02281
3.58116
2.84031
2.2785
2.15256
1.59076
2.81664
2.25293
2.32248
3.13819
1.42594
1.9259
2.89542
3.1291
2.14511
2.05086
2.08543
2.1145
2.16669
4.17592
2.47383
4.09066
3.25247
1.60044
3.28682
1.9677
0.868167
3.63065
3.38718
1.02243
1.50286
1.42955
2.30218
3.30397
4.16344
2.13869
1.54558
3.58233
2.8401
2.26773
1.55676
2.18834
2.14497
2.00372
1.83113
3.1479
1.64086
1.44562
1.91871
1.71656
2.89347
2.07183
3.15677
2.14343
2.04166
2.11429
2.16661
1.59062
2.81615
2.25239
2.32242
1.38516
6.06037
1.22639
1.98743
2.59413
3.22463
1.85352
1.17336
2.18324
2.18458
4.30531
2.14609
4.31897
2.189
2.09128
4.44564
2.08324
4.34878
1.26409
1.95067
2.04058
1.28702
2.17882
2.10249
4.28728
4.30545
2.18762
2.08865
4.44505
2.10398
2.07995
6.05687
2.18783
2.11605
2.08639
1.00628
1.83612
4.03595
2.45802
2.4572
1.92499
4.07649
4.68855
1.83252
2.28239
5.89572
5.92178
4.84188
3.5878
5.98019
2.93942
3.06774
3.83629
7.09531
5.84322
3.61447
6.01202
2.93938
3.07491
3.8197
7.10484
5.85882
2.56506
5.10982
5.37703
2.19578
2.11295
1.8315
1.94693
1.7348
9.15258
3.38486
3.90597
3.38488
9.15266
3.90567
1.6228
3.34285
1.93866
0.903051
3.65791
2.11851
2.2359
2.24478
2.18096
2.19295
2.18642
2.11228
2.12692
1.83745
2.14281
1.04511
3.02599
1.41052
1.49426
2.31486
3.31163
2.22247
1.45579
1.8309
2.98834
2.00376
3.00657
2.19022
1.8375
2.14336
1.45156
1.82911
3.05078
1.95881
3.3116
2.26563
2.09632
1.87109
2.94182
2.41904
2.07156
2.2541
2.09633
1.86286
2.94187
2.06049
3.15504
1.52702
1.51598
3.5466
2.12238
3.20732
1.77369
1.97763
1.14192
1.75491
1.89696
2.20382
2.20071
2.1264
2.28089
2.54099
1.74418
3.33684
0.907599
3.64185
2.12921
2.82725
2.2808
2.3481
4.37394
1.18791
1.58798
3.54616
3.1842
2.17585
2.16489
1.51872
1.51701
2.12672
3.2055
1.68421
4.36861
4.79121
2.49919
2.3109
3.58283
1.17145
5.5086
1.91109
2.08103
3.66
2.03891
3.2464
1.58816
1.3743
6.05383
3.6241
0.923587
2.19955
2.07988
2.6809
1.76966
2.15688
2.12641
2.11601
2.17
2.16622
2.12224
1.76521
2.00013
1.84003
1.917
3.23886
1.96729
2.05738
4.27742
2.31601
2.2822
4.34911
5.63841
2.35005
3.24807
1.87308
1.1295
2.50339
1.79004
2.41175
2.22563
3.45798
2.04731
4.34741
5.63846
2.34998
2.19614
2.08048
3.24069
1.08724
1.59334
2.02015
0.949721
1.04011
1.22126
3.23816
1.96728
2.05802
4.28014
2.09497
2.18308
2.15468
2.16409
1.82731
1.76815
2.0113
2.31681
2.28238
2.07465
3.6624
2.03867
3.24781
5.7527
1.82073
1.41427
1.88889
2.19983
2.68157
2.03745
1.77018
2.21554
3.15954
2.18216
3.23585
1.08718
1.99002
1.94533
2.00389
0.943054
1.04004
1.13542
1.89432
3.22804
6.27071
6.02314
3.22817
6.31204
6.12017
3.19805
1.65822
3.16874
1.60065
1.55797
1.64724
3.40913
1.76194
2.01716
1.41181
3.16191
3.41448
1.3405
2.28996
2.29472
1.42284
3.41727
1.20873
2.29328
1.07987
2.41754
2.93506
1.12298
4.02568
3.46697
2.68396
2.29053
3.44824
1.965
3.54748
4.52523
3.52278
3.92298
2.57118
2.64542
6.1127
4.45815
4.85437
3.3402
3.6319
1.97224
2.5068
1.44843
3.12859
2.57107
1.44629
2.46775
1.07146
1.81413
1.95109
3.19606
2.2268
1.82547
2.23963
2.3371
4.21847
4.12231
2.28874
2.48729
3.24138
3.95243
2.45801
2.47578
2.17366
2.17764
2.17176
2.64735
2.5385
1.96561
2.4523
2.53267
2.23339
1.76116
2.41252
3.21172
4.73065
2.20424
2.16959
2.16542
2.16917
2.22726
1.74621
2.14744
2.16858
2.12096
2.47263
1.40297
3.15948
1.56734
2.0189
2.25612
1.74153
3.68022
1.94373
3.41891
1.60688
0.953185
1.95725
2.35045
2.92543
2.36532
2.20502
2.59352
2.55593
2.36435
2.70729
2.14143
2.06417
3.19779
1.58391
2.08404
2.04196
2.01188
1.47462
1.72028
2.90379
2.02951
1.87643
2.08756
1.90352
2.87149
2.2287
1.84939
2.90358
2.58063
2.36208
2.31987
1.07664
0.878213
2.15212
2.5928
2.57226
1.41433
3.16677
3.07231
2.22844
1.49163
2.47879
3.1457
1.58399
1.48394
2.01892
1.95722
2.09008
3.67393
1.93515
3.40274
0.953157
1.74156
2.35034
1.47112
2.8824
1.81505
1.99499
2.04481
2.02955
1.87595
2.70728
2.14141
3.19989
1.56451
2.31482
2.08395
2.2224
2.04193
2.0118
1.90334
2.06417
2.36396
2.87135
2.30531
2.13868
2.34785
2.11789
2.59534
4.16361
4.2814
4.33005
2.47375
3.81682
4.42389
4.37919
2.13194
1.96704
2.19716
2.31527
3.29761
2.44819
1.02442
4.2975
2.32677
2.44139
1.87779
2.39805
2.16981
2.23995
4.86431
4.67579
3.938
4.49004
4.55656
4.00965
5.2558
2.44455
3.94383
1.21972
3.05438
1.19804
2.05919
2.17348
2.09024
2.21493
1.94909
4.22199
4.29453
2.09774
2.1313
2.3672
4.35924
4.45652
2.09612
2.22724
4.33071
4.31566
2.18562
2.10657
2.11653
2.03728
2.21691
2.27194
2.11773
2.50128
4.00375
4.28125
4.32985
2.43703
3.85212
4.42371
4.37888
3.46217
1.07843
1.24446
2.63294
2.35836
4.86433
4.67569
3.82885
3.9881
4.48993
4.55643
1.2197
5.25551
2.44433
3.94374
3.0543
2.05916
2.09022
1.94904
4.22191
4.29446
2.0977
2.09612
2.36719
4.35922
4.45642
2.22723
4.33068
4.31555
3.18259
2.15824
1.53499
2.15069
2.14473
1.75056
2.14968
1.90216
2.13803
2.54403
2.10214
2.10159
2.11955
2.14807
2.23148
2.79369
2.17656
2.332
3.16725
3.05151
2.13175
3.21082
1.59444
1.55493
1.20819
2.68534
1.9655
2.06854
1.91223
1.8966
1.13062
2.57688
2.58554
2.0531
1.72589
1.58218
3.64772
2.1714
1.99101
2.06021
1.14841
3.24658
0.888615
3.37401
1.90841
2.13003
2.13455
2.20845
2.20871
2.20688
2.23195
2.29062
4.21857
4.1224
2.2598
3.24137
3.9524
2.49087
1.05373
3.17308
2.4449
2.20465
2.18242
2.18762
2.45824
2.47591
2.18609
2.17182
2.6473
2.53851
2.17593
2.08688
2.45231
1.96561
1.76115
2.44
1.87977
2.20423
3.21143
4.73067
2.1807
2.17637
2.17988
2.26762
1.74621
2.14493
2.14627
2.15061
2.12244
2.22151
2.03171
2.17942
2.56467
2.65409
1.27655
3.45684
2.24914
2.29491
2.51702
1.16173
2.57753
1.01668
1.07224
3.34413
3.63654
1.97505
0.886087
2.51556
1.50733
1.45354
3.1179
1.74451
0.884214
2.56785
3.53097
3.53084
2.02528
1.12938
2.65402
1.15374
2.56435
3.45632
2.18589
1.09927
2.28325
2.29469
2.24887
1.15983
2.51741
3.1432
2.3967
2.82253
1.41981
3.85588
1.56978
3.4438
4.06048
2.26938
2.36756
3.24015
1.53245
5.17463
3.30398
3.2741
5.10116
2.44201
1.34282
2.56994
2.40077
1.34189
4.31241
1.9311
2.01925
3.13595
3.14224
2.87012
6.61632
3.83628
3.56813
3.33488
3.71507
2.91818
2.73265
2.97453
3.39215
5.44456
3.51619
2.79621
3.29063
3.64642
3.06717
2.09983
2.55817
2.10214
2.13173
2.17653
2.33195
2.14811
2.79351
2.16434
3.18526
3.07265
2.23144
2.08198
3.18551
2.15172
1.53814
2.11526
2.1497
3.1989
2.13673
2.09581
1.58602
1.54867
2.08658
2.13806
1.91219
2.2081
1.1306
2.57679
2.68527
2.11954
2.13005
2.13455
2.13802
1.71758
1.57927
3.6621
2.08377
2.17139
1.75493
1.14843
2.58549
3.26277
1.44109
3.38836
1.7121
1.90839
1.991
1.93197
2.01887
2.01887
1.98993
2.36927
2.34731
3.87535
4.02159
2.33187
3.25522
2.12572
2.56763
3.53091
3.14231
3.13602
2.87017
6.61619
3.8365
3.71517
3.56765
3.33496
2.91823
2.73267
2.97456
3.3924
5.44467
3.5163
2.79624
3.29069
3.64644
2.61896
3.06723
2.14487
2.36927
4.3233
6.68833
3.82159
3.40437
3.6818
3.32174
0.79434
2.90385
3.37745
1.1914
1.2247
1.96042
2.05438
2.84137
2.71315
2.92979
3.19105
3.38143
3.11281
3.77905
2.08456
2.78324
3.28883
3.06782
2.27161
2.36809
2.40029
2.56961
2.28973
1.34172
4.31188
3.24349
2.11396
3.30596
3.26655
5.07791
2.76365
6.80284
1.58778
2.61889
4.6607
3.21733
5.30519
3.18536
3.41935
1.99831
2.99567
2.55879
3.01445
3.42204
3.04204
2.97529
7.62057
4.19562
1.89666
2.68157
1.78657
1.56041
1.78821
2.57629
1.99363
0.906749
2.55906
6.31315
1.46225
6.81662
3.43697
4.14251
1.50642
3.58753
3.21655
3.25542
5.97022
2.30397
3.93622
6.01607
2.16292
2.95934
3.1972
2.59438
3.23522
1.69601
2.59058
4.92161
5.92374
1.98999
1.46588
5.8074
1.48661
2.84723
5.34452
5.2847
3.21494
2.46796
4.82212
2.70381
1.82943
2.5238
1.53385
1.76419
3.70914
3.31274
1.95113
3.782
2.73348
2.17766
2.33973
2.29182
2.9589
0.987095
2.23016
1.59414
3.35787
0.935235
1.46356
4.02247
2.25547
2.80316
3.05703
3.71934
1.98523
3.02791
1.38133
1.82348
4.22149
3.67669
3.61328
1.08286
2.66734
2.14831
1.62475
1.71213
3.558
1.0861
2.11788
3.00349
3.1685
3.26133
3.44541
4.8672
1.42182
3.12757
6.06947
2.15511
2.13597
2.02253
2.45721
2.45543
1.83638
1.90657
2.09583
2.14219
2.06835
2.15739
2.14857
2.45541
2.45776
1.06747
1.70182
2.12731
2.14137
2.12869
2.17374
3.77823
1.79065
3.88968
2.43095
3.14848
2.6287
2.29426
1.66714
2.02781
0.962818
2.85323
2.45899
2.31463
2.32181
2.22186
1.50016
1.95993
2.06362
2.11075
1.60747
1.84776
1.07381
3.61608
2.38194
2.09359
2.07326
2.1985
2.09169
1.09347
4.25472
3.9946
2.4867
1.78709
2.11958
4.22976
1.19011
2.15128
2.38857
1.13666
2.22695
4.50776
1.12864
1.85689
3.28982
1.90518
2.1089
4.77533
1.19998
1.88432
1.95892
2.07593
4.48127
5.14835
2.48198
1.43478
1.2283
2.27674
4.85191
4.63068
2.55191
1.32137
3.42394
1.45416
2.09406
1.02345
2.03827
1.28222
3.56062
1.4553
3.19852
1.1168
3.55019
5.03685
5.12276
5.03291
5.1222
3.19787
4.00898
2.40536
2.46858
4.80276
5.214
2.99213
2.37605
4.77374
4.57349
2.23925
2.37243
4.61798
4.53129
2.19092
2.24029
1.88347
1.174
2.43757
4.08822
3.30073
1.9498
2.63866
1.26054
2.23218
1.23302
3.57333
2.54529
3.21035
2.2437
2.19086
1.97362
1.30706
3.4331
1.43555
1.45629
2.245
4.85127
4.62884
4.79202
2.57763
1.26081
5.21428
3.03143
2.37171
1.68246
2.26231
2.14855
3.57622
1.44925
2.38951
3.88334
3.56575
1.31453
5.03687
5.12259
5.03261
5.12216
3.25279
4.05408
2.47848
4.77317
2.22141
4.5726
2.12015
2.23914
2.37234
4.61893
4.53083
2.19103
2.24129
1.14156
2.34292
2.55957
2.43736
4.08816
3.30067
1.17719
2.40778
1.94971
2.63859
2.1279
2.65002
1.3124
1.23479
3.5748
2.41458
3.20988
1.94469
2.25744
2.19077
4.47989
5.14801
2.23983
3.18128
2.06202
2.0434
2.1628
2.21104
2.2028
1.84068
1.96496
2.09787
2.18461
3.24908
2.2219
2.24755
1.54223
1.51215
2.17859
2.15401
2.17228
2.34537
2.45436
2.31107
2.2141
2.26676
1.9903
2.72571
1.66894
1.95912
2.08768
1.49132
0.922727
3.6374
2.27688
3.31689
2.11815
1.6727
1.55772
2.34571
2.3333
2.01542
2.16857
2.13671
2.09593
1.99066
1.20349
2.18612
2.11066
2.06539
1.96009
2.20751
2.34887
2.14071
2.99072
2.20539
2.61551
1.82539
4.7753
2.12399
2.13405
2.45939
2.45288
1.8365
1.90672
2.10318
2.1023
2.0839
2.14101
2.45821
1.06751
2.46083
2.46371
2.14017
2.13871
2.14766
2.11602
3.7784
2.40035
1.79074
1.70189
3.88981
2.43103
3.14859
2.62873
2.29429
1.65501
2.00737
2.31465
2.86422
2.22467
1.49234
1.95386
2.32183
1.09349
4.255
3.99487
2.48675
1.78714
2.11977
2.02267
2.05881
2.10868
1.60537
2.15122
1.9026
1.84837
1.05704
3.63065
2.38486
2.0892
2.07655
2.19855
2.09172
4.22993
1.13669
2.22696
2.62804
4.50783
1.85693
1.17203
2.38912
3.28999
1.90616
1.93123
2.18248
2.18962
1.88444
1.9595
2.07609
1.90201
2.67951
1.78734
1.56073
1.78773
2.57587
1.99532
0.90824
2.56177
5.55782
1.45492
6.65183
3.44268
4.13525
0.958359
3.59569
3.22253
3.27814
5.80907
2.30455
3.95311
6.01344
2.16814
2.98308
3.17751
2.61481
3.47646
0.930416
5.01737
3.68369
6.16039
2.04481
5.52219
2.65484
1.84319
2.60798
1.60629
1.58929
2.86668
5.13967
4.90629
3.14291
2.47748
4.68478
2.687
1.85032
2.52407
1.53375
1.76415
3.70934
2.35543
3.31282
0.907245
1.94941
0.923734
3.78889
2.15887
2.74593
2.39022
2.9834
2.23929
1.59704
3.35815
1.4591
4.03462
1.96352
2.79893
3.04581
3.71413
1.97705
3.03482
1.33082
4.16801
3.67095
3.62557
2.06857
1.78471
1.80825
1.07721
2.28286
2.98477
2.32455
3.16035
1.42
2.95016
5.26103
0.998933
2.66672
1.8418
1.9399
1.62259
0.944352
1.70815
3.56006
3.23189
2.06231
2.16264
1.94944
1.99871
2.0992
1.56059
2.11076
3.24861
2.04114
2.311
2.24748
1.58134
1.52287
2.17856
2.22186
2.45433
2.34535
2.3457
2.21408
1.44933
2.70031
2.0105
3.2268
2.10209
1.22128
3.66993
2.27987
3.40231
2.18896
2.16853
2.21101
2.13672
2.20266
2.09593
1.9906
1.20347
2.18597
1.95909
1.55919
1.90932
2.02606
2.09755
2.15401
2.14074
2.17227
2.1106
2.08764
1.96009
2.20747
0.957748
2.99156
2.20541
2.89608
2.75862
3.27854
3.6223
3.31976
4.3095
3.9908
0.852592
3.95687
3.95003
3.93699
3.95606
1.51744
5.70311
2.27738
6.57271
2.4716
5.7049
3.24143
2.76817
1.59781
3.39534
6.10438
3.47096
3.79981
4.04434
4.40725
1.33754
4.04701
4.40051
2.15574
2.27704
2.36714
1.72921
2.32911
3.65063
2.38208
1.9858
2.15581
2.27372
1.98347
3.00908
2.24916
3.65121
2.38303
2.69283
7.22319
4.5028
2.57169
3.52694
3.91624
6.12922
4.45599
4.85649
2.15944
5.65688
1.50855
4.96886
5.61205
2.65123
3.21038
1.1833
1.47271
6.41917
2.66752
2.1398
3.6101
1.32012
1.26685
2.61832
2.40376
3.02003
2.22851
2.35315
1.82127
2.76622
1.07874
1.84638
1.08584
5.80365
6.50976
2.22029
0.93092
2.33575
2.36107
2.17237
1.13404
1.16082
2.38401
2.2879
2.17974
2.99413
1.17294
1.05097
2.33874
2.99547
2.01114
0.872327
4.49103
2.53032
1.1904
3.2234
2.20012
2.28478
2.1218
1.93765
1.31988
4.50324
2.99822
3.99641
1.8821
1.1818
2.68299
2.14135
1.98677
3.61164
6.4195
2.66632
2.5054
2.63764
2.6405
2.64448
2.20908
1.55389
1.27046
2.61581
1.02997
1.78887
3.02032
1.8415
1.05658
2.2269
2.35289
1.04812
2.1546
2.76632
1.84602
6.13393
5.84334
2.22879
0.913858
0.920602
2.95451
3.02701
1.18299
1.05644
2.99119
1.07545
2.33786
2.32906
2.29794
2.0068
2.17378
2.1681
1.15942
1.75247
2.2867
1.18463
3.13616
3.74516
1.5707
0.87461
4.49161
3.23157
2.2859
2.53247
1.30442
2.65246
1.01827
2.89389
2.62273
3.02001
3.47179
3.32386
4.29947
3.77883
2.00064
1.65652
1.72068
1.93679
1.39947
1.5134
1.44244
1.87776
1.2982
2.5934
2.60885
2.60971
2.59347
2.61026
3.30402
2.60954
2.5934
2.60974
2.60877
5.10917
1.74246
1.62915
5.0834
3.33028
5.05768
2.65289
4.1456
4.08433
4.97333
5.11826
7.24651
6.11591
4.87422
4.91543
2.73931
6.42197
5.42215
2.50188
4.98961
4.98705
4.86473
4.91593
5.62868
1.18001
6.24845
8.47894
2.8329
2.50119
4.98664
4.98459
2.53291
2.03983
1.21309
1.16029
2.59349
2.60961
2.6103
3.05981
1.18959
1.71614
2.56338
1.75705
3.34385
5.09517
3.25924
1.41061
1.3418
2.22464
3.11692
3.34422
5.09653
1.74132
1.39945
2.70939
1.7517
1.77417
3.24938
2.45473
1.32227
2.22988
1.40738
1.75978
1.76116
3.08108
3.54866
0.951591
2.06827
3.14529
3.21401
3.14583
3.57321
3.43298
2.46131
1.24599
2.56352
3.31616
1.61336
1.51901
4.48401
2.05068
1.62919
3.7585
3.41562
3.43577
1.24651
1.26257
3.57037
2.56442
3.27575
1.6297
3.72316
3.65716
2.54825
0.957468
3.53392
2.07522
3.61695
1.81109
1.59732
4.08911
3.45585
2.49974
4.98559
4.96981
5.85581
4.84446
1.31172
5.63973
4.88428
2.47747
5.90819
2.49404
2.4876
4.92327
5.91726
4.91908
1.89692
2.07974
3.65694
2.54825
2.33327
6.39747
5.41984
5.18617
5.11203
2.5155
2.50005
4.98644
4.96982
5.86931
4.85112
4.88481
2.47751
5.9087
4.9232
2.48784
5.91718
4.91931
5.91579
4.9161
2.49139
5.91484
4.91724
2.53442
4.99896
5.00462
2.5041
5.91852
4.92349
4.92115
5.92097
1.61092
1.3695
4.07082
5.37251
2.52198
3.48691
2.29313
3.7889
2.07527
1.18425
2.70492
6.40501
5.42234
3.91204
1.51522
1.47666
3.42158
3.84215
1.62246
1.6461
1.73347
2.83228
3.05381
3.00773
1.7425
3.44903
1.65335
5.91594
2.49191
4.91612
5.91482
2.49157
4.91731
2.53548
4.99956
5.00515
2.50345
5.91801
2.49301
2.4894
4.92322
4.92088
5.92044
2.68067
2.68
2.63097
2.59436
2.5944
2.59548
2.61375
2.60207
2.60411
2.61468
2.60257
2.60458
2.68534
2.68574
2.63401
2.59453
2.59449
2.59571
2.61573
2.60296
2.60532
2.61504
2.60252
2.60493
3.0994
1.56327
3.23637
3.63137
1.63539
3.3615
2.68068
2.67991
2.63095
2.5944
2.59434
2.59547
2.61471
2.60258
2.60458
2.61366
2.60204
2.60406
3.08616
3.21563
3.62849
3.3511
1.3051
2.29581
1.19454
1.2277
2.55406
3.45826
3.04696
6.10987
5.11846
2.03963
5.3374
5.17633
4.92758
2.49075
2.49279
4.93199
5.92779
5.9326
5.42433
6.41786
5.10426
2.51413
4.99848
5.00407
2.52107
2.26492
3.04474
6.09289
5.12254
1.67391
1.47533
2.83173
3.41981
3.83214
3.00381
1.39989
2.80067
3.00204
2.90917
2.65782
2.72029
2.62864
2.63387
2.65712
2.92492
2.67391
2.72926
2.50331
2.54344
5.05698
6.02981
6.39688
2.9078
2.65667
2.71947
2.62809
2.63372
2.65671
2.9245
2.67376
2.72892
2.50312
2.54349
5.0569
6.02975
2.61838
6.39695
3.2653
1.25243
3.23021
2.50459
2.08498
4.4746
1.16897
4.68639
4.51602
1.32915
3.41144
4.83987
2.58144
2.12045
4.54398
3.22812
2.50928
4.49488
4.39788
2.49013
2.70387
4.42091
3.41614
2.07909
1.22361
4.84612
4.54323
2.76512
4.3193
6.42404
5.42349
2.23709
5.11344
2.51586
5.18786
2.5639
4.92815
2.49084
2.49292
4.93232
5.92825
5.93283
5.42488
6.41826
2.7373
2.51664
4.99899
5.00439
5.10464
2.52125
5.177
3.40219
1.59027
3.66024
0.880272
1.43333
4.64153
2.17442
3.26277
1.5368
1.48262
1.406
3.66518
0.883393
1.89917
1.58508
1.52543
1.53181
4.64066
2.17481
1.28615
3.26216
2.37615
1.72689
2.75576
3.40168
1.56486
2.63887
4.25785
3.2647
3.41653
3.36486
2.51304
1.56815
1.32524
3.42957
2.64169
4.25981
3.26273
2.37578
1.72403
2.75459
2.10219
1.59123
3.64523
3.21163
2.59154
2.33697
1.87981
3.90066
2.37797
2.43999
2.0352
2.25773
2.6167
2.30766
2.45038
3.22095
3.08925
1.74003
2.5327
2.23337
3.90037
2.37799
1.98892
1.6023
2.12326
1.92629
2.00586
1.79449
1.07078
2.36089
1.61701
2.10249
1.5973
3.65993
2.5945
2.59454
2.59572
2.60256
2.61514
2.605
2.60298
2.61578
2.60536
2.68596
2.68637
2.6343
1.99343
1.92493
2.00168
1.79366
2.35527
1.91152
2.28322
3.64983
2.56393
2.25918
2.42443
2.42865
2.16446
1.84501
2.92226
2.67324
2.73185
2.63541
2.63634
2.66301
2.92773
2.67591
2.73355
2.51185
5.00381
5.05494
2.54436
5.05718
6.02993
2.61867
6.39693
1.59358
2.50805
2.28649
1.90498
2.63634
2.63541
2.66302
2.67592
2.92778
2.73359
2.67325
2.9223
2.73187
2.51225
5.00477
5.05591
2.505
2.5449
5.05713
6.02985
6.39702
1.28493
2.31128
1.91269
1.53042
1.2424
3.64873
2.28439
2.44193
1.34321
2.56471
1.26727
2.2613
2.09058
3.29177
1.85304
3.64278
2.61652
2.01
2.05805
3.95049
0.835558
3.55672
1.0665
1.89501
2.18875
2.13007
1.83843
1.05208
2.36197
1.7929
3.79727
3.63154
3.34574
2.21145
3.66648
2.3112
4.07386
2.46771
2.23412
2.35913
2.11017
2.35736
2.54675
2.46777
2.10389
2.14306
2.64693
3.33981
2.56676
1.63033
1.56633
1.58215
1.29124
1.45824
2.36713
1.95662
1.14185
2.22233
4.68832
4.17927
5.00015
2.41519
3.24652
1.21077
4.11316
4.80505
1.3043
1.62227
1.46306
1.64987
1.55211
1.93862
1.31775
2.22218
2.54711
1.32627
4.68799
4.17879
4.99953
3.24633
1.21071
4.11299
1.97351
4.80496
3.33162
3.27054
2.0725
2.18393
1.85588
2.08877
2.21064
3.15328
3.33271
2.22945
3.65214
2.34152
0.961016
4.07393
2.46777
2.3593
2.11084
2.23428
2.35741
2.54797
2.46794
2.10471
2.14322
3.3401
2.64861
1.13294
2.56702
2.09531
3.27005
1.85699
3.63339
2.62916
2.00986
2.05911
1.47051
4.007
0.86169
3.55931
1.08225
1.08649
2.18859
2.06518
3.25588
3.46359
4.94226
3.79871
3.63498
2.13005
1.05426
2.34873
3.41443
2.16983
3.29318
1.85247
1.66712
1.68721
2.0602
2.21046
3.1531
2.14935
2.03169
2.15061
2.32931
1.90029
3.29612
3.89269
2.08477
1.84139
3.06802
1.13051
1.1383
2.5471
3.60257
1.14679
2.12951
2.05915
1.9793
1.98757
2.26331
1.17754
1.77367
1.05568
2.06586
2.30322
3.09255
2.11222
1.57655
0.919768
2.00551
1.29861
2.65736
1.78807
3.08239
2.05408
1.99777
2.1031
3.05149
2.35329
2.15901
1.13809
2.54597
3.60278
2.2247
3.70822
2.12585
2.05835
1.97899
2.2624
1.17725
2.57896
1.77277
2.06306
3.09259
2.11235
1.08553
1.57355
3.86609
3.24425
2.17849
2.0041
1.79296
3.08499
2.0556
1.98977
2.11932
3.64166
3.4024
2.17386
4.07512
4.48959
2.49974
4.49556
3.62811
3.4054
2.08563
0.83667
2.08456
2.5233
3.40385
3.40437
)
;
    }
    nonConformalCyclic_on_innerCylinder
    {
        type            nonConformalCyclic;
    }
    nonConformalCyclic_on_innerCylinder_slave
    {
        type            nonConformalCyclic;
    }
    nonConformalError_on_innerCylinder
    {
        type            nonConformalError;
    }
    nonConformalError_on_innerCylinder_slave
    {
        type            nonConformalError;
    }
}


// ************************************************************************* //
