# Probe 0 (0.128 0.01 0.01)
# Time        0            
0             (0 0 0)      
2.00323e-05   (-9.60713 -2.76617 -4.93545)
2.20667e-05   (-8.71223 -2.22874 -4.41881)
2.70571e-05   (-8.49089 -2.15721 -4.02222)
3.75473e-05   (-8.60154 -2.25143 -3.43989)
6.1006e-05    (-8.93841 -2.47218 -2.22945)
0.00010428    (-9.07913 -2.78159 -0.189531)
0.000161728   (-8.62278 -2.36224 1.7596)
0.00023112    (-7.2297 -0.789591 2.49157)
0.000296967   (-5.77423 0.0464616 2.25013)
0.000354394   (-5.01838 0.229298 1.86332)
0.000404751   (-4.66837 0.249212 1.55417)
0.000455545   (-4.45894 0.223687 1.28935)
0.000509482   (-4.3084 0.174481 1.07124)
0.000568041   (-4.18124 0.120824 0.898991)
0.000629341   (-4.06612 0.0747232 0.769693)
0.000692227   (-3.96024 0.0373543 0.675793)
0.000756424   (-3.86027 0.00725152 0.610054)
0.000821157   (-3.76401 -0.0178904 0.566006)
0.000885185   (-3.67077 -0.0400553 0.540187)
0.000947867   (-3.58028 -0.0583281 0.52806)
0.00100935    (-3.49313 -0.0724172 0.525509)
0.00107       (-3.40966 -0.0819787 0.527741)
0.00112997    (-3.33067 -0.0874676 0.529943)
0.00118907    (-3.25719 -0.0904999 0.52926)
0.0012476     (-3.18927 -0.0926618 0.52473)
0.00130603    (-3.12596 -0.0952136 0.516482)
0.0013638     (-3.06762 -0.0990252 0.505311)
0.00142165    (-3.01238 -0.104917 0.492148)
0.00147974    (-2.95932 -0.112107 0.478008)
0.00153825    (-2.90779 -0.119434 0.46335)
0.0015975     (-2.85765 -0.125345 0.448358)
0.00165712    (-2.80933 -0.127841 0.432963)
0.00171651    (-2.76325 -0.125635 0.417353)
0.00177628    (-2.71875 -0.118163 0.401002)
0.00183675    (-2.67544 -0.105122 0.382964)
0.00189795    (-2.63437 -0.0864524 0.362153)
0.00196       (-2.59704 -0.0629586 0.338381)
0.0020229     (-2.56509 -0.0352639 0.312005)
0.0020865     (-2.54058 -0.0039383 0.283016)
0.00215053    (-2.52424 0.0299042 0.252195)
0.00221471    (-2.51602 0.0645728 0.220005)
0.00227888    (-2.5143 0.0987156 0.187687)
0.00234295    (-2.51754 0.130238 0.157536)
0.00240673    (-2.52358 0.157063 0.131218)
0.00246999    (-2.53161 0.180866 0.109982)
0.002533      (-2.54283 0.201953 0.0923686)
0.00259588    (-2.55816 0.221258 0.0778409)
0.00265844    (-2.57768 0.238138 0.0677149)
0.00272041    (-2.60115 0.254507 0.0609255)
0.00278179    (-2.62712 0.268187 0.0578033)
0.00284266    (-2.65385 0.279411 0.0584329)
0.00290313    (-2.68041 0.288593 0.0621221)
0.00296339    (-2.70596 0.295699 0.0679723)
0.00302347    (-2.73024 0.299867 0.0750794)
0.00308331    (-2.7528 0.299781 0.0829508)
0.00314282    (-2.77178 0.294112 0.0920238)
0.00320189    (-2.78571 0.282683 0.103246)
0.00326045    (-2.79368 0.268237 0.117378)
0.00331843    (-2.79635 0.25529 0.134897)
0.00337584    (-2.79658 0.251873 0.154158)
0.00343273    (-2.79931 0.269004 0.172013)
0.0034895     (-2.80992 0.315675 0.182141)
0.0035465     (-2.83106 0.398716 0.176561)
0.00360343    (-2.86415 0.517786 0.145371)
0.00366044    (-2.91073 0.664644 0.0803584)
0.00371769    (-2.9726 0.824668 -0.0259818)
0.00377555    (-3.04907 0.978094 -0.169293)
0.00383426    (-3.1349 1.10674 -0.343717)
0.0038939     (-3.2207 1.19624 -0.53543)
0.00395459    (-3.30614 1.24023 -0.723766)
0.00401601    (-3.40102 1.24152 -0.888868)
0.00407854    (-3.52079 1.20105 -1.01113)
0.00414185    (-3.68594 1.11998 -1.07063)
0.00420617    (-3.91945 1.0061 -1.04782)
0.00427217    (-4.23521 0.875388 -0.924742)
0.00433939    (-4.62519 0.760802 -0.707207)
0.00440746    (-5.06418 0.706341 -0.422496)
0.00447614    (-5.52046 0.742714 -0.120228)
0.00454527    (-5.95962 0.878761 0.149235)
0.00461472    (-6.343 1.10414 0.337227)
0.0046844     (-6.64458 1.3865 0.427419)
0.00475439    (-6.84865 1.68737 0.423054)
0.00482479    (-6.96542 1.97171 0.338787)
0.00489548    (-7.01834 2.21479 0.198449)
0.00496581    (-7.03272 2.39717 0.028024)
0.00503585    (-7.02883 2.51717 -0.149247)
0.00510574    (-7.01982 2.57886 -0.31742)
0.00517554    (-7.0114 2.59388 -0.46252)
0.00524534    (-7.00146 2.57335 -0.585112)
0.00531519    (-6.98791 2.53173 -0.681971)
0.00538515    (-6.96947 2.47844 -0.753907)
0.00545525    (-6.94656 2.42295 -0.802655)
0.00552552    (-6.92123 2.37033 -0.829677)
0.00559601    (-6.89652 2.32319 -0.835937)
0.00566675    (-6.87541 2.28253 -0.823329)
0.00573781    (-6.86025 2.2481 -0.793879)
0.00580919    (-6.85203 2.22044 -0.750133)
0.00588089    (-6.85211 2.20016 -0.695046)
0.00595288    (-6.86292 2.18562 -0.631531)
0.00602441    (-6.8865 2.17438 -0.562378)
0.00609522    (-6.92224 2.16589 -0.489462)
0.00616539    (-6.96939 2.15983 -0.415917)
0.00623515    (-7.02986 2.15492 -0.343825)
0.00630478    (-7.10431 2.14841 -0.272752)
0.00637452    (-7.19231 2.14156 -0.20875)
0.00644451    (-7.2918 2.13803 -0.154816)
0.00651479    (-7.40151 2.14336 -0.115226)
0.00658532    (-7.51728 2.16322 -0.0960069)
0.00665607    (-7.63475 2.20244 -0.102952)
0.00672704    (-7.74886 2.26223 -0.141534)
0.00679829    (-7.85304 2.34072 -0.21619)
0.00686985    (-7.94058 2.43766 -0.32819)
0.00694175    (-8.00799 2.54328 -0.469737)
0.00701396    (-8.05235 2.64536 -0.638361)
0.00708645    (-8.07266 2.7331 -0.821374)
0.00715918    (-8.07144 2.79891 -1.00706)
0.0072321     (-8.04297 2.83135 -1.18116)
0.00730521    (-7.99261 2.83081 -1.33602)
0.00737849    (-7.92308 2.79862 -1.46476)
0.00745192    (-7.83918 2.7419 -1.56578)
0.00752543    (-7.74678 2.6729 -1.64178)
0.00759896    (-7.65271 2.60234 -1.69784)
0.00767244    (-7.56332 2.5377 -1.73919)
0.00774587    (-7.48273 2.4804 -1.77029)
0.00781927    (-7.41238 2.42646 -1.79128)
0.00789265    (-7.3524 2.36792 -1.797)
0.00796604    (-7.30297 2.29491 -1.77928)
0.00803943    (-7.2652 2.19804 -1.72909)
0.0081128     (-7.24497 2.07215 -1.63927)
0.00818618    (-7.24933 1.91615 -1.50622)
0.00825956    (-7.28413 1.73678 -1.33495)
0.00833294    (-7.35506 1.55155 -1.13495)
0.00840634    (-7.47148 1.37635 -0.924715)
0.00847975    (-7.63433 1.22964 -0.717035)
0.00855319    (-7.83789 1.13506 -0.532828)
0.00862666    (-8.07005 1.1013 -0.393052)
0.00870019    (-8.32024 1.1343 -0.310005)
0.00877378    (-8.57147 1.23427 -0.294763)
0.00884743    (-8.80286 1.38854 -0.350615)
0.00892113    (-8.9957 1.58012 -0.467084)
0.00899491    (-9.1363 1.7863 -0.632547)
0.00906876    (-9.21724 1.98524 -0.82885)
0.00914255    (-9.23938 2.15611 -1.04164)
0.00921607    (-9.21334 2.28528 -1.24626)
0.00928935    (-9.14866 2.36651 -1.43349)
0.00936246    (-9.05395 2.40096 -1.59483)
0.00943546    (-8.94193 2.39101 -1.72536)
0.0095084     (-8.82215 2.34464 -1.8239)
0.00958133    (-8.70006 2.27202 -1.89169)
0.00965426    (-8.5805 2.18288 -1.93147)
0.00972723    (-8.46701 2.08694 -1.94683)
0.00980022    (-8.36106 1.99083 -1.94244)
0.00987324    (-8.26236 1.90224 -1.92388)
0.00994627    (-8.17034 1.82671 -1.89766)
0.0100193     (-8.08336 1.76697 -1.87026)
0.0100923     (-8.00021 1.725 -1.84721)
0.0101652     (-7.91937 1.70133 -1.83294)
0.010238      (-7.83899 1.69543 -1.83051)
0.0103107     (-7.75776 1.70557 -1.84133)
0.0103834     (-7.67496 1.72857 -1.86602)
0.0104559     (-7.59178 1.7606 -1.9049)
0.0105283     (-7.50906 1.7988 -1.95768)
0.0106006     (-7.42753 1.84009 -2.02303)
0.0106729     (-7.34815 1.88294 -2.09788)
0.010745      (-7.272 1.927 -2.17822)
0.0108172     (-7.20116 1.97163 -2.25972)
0.0108893     (-7.13822 2.01709 -2.33839)
0.0109614     (-7.08473 2.06328 -2.41126)
0.0110336     (-7.04145 2.10958 -2.47462)
0.0111058     (-7.00879 2.15447 -2.52621)
0.011178      (-6.98683 2.19629 -2.56598)
0.0112503     (-6.97348 2.23506 -2.59398)
0.0113226     (-6.97059 2.2719 -2.61091)
0.0113951     (-6.97925 2.30226 -2.61935)
0.0114677     (-6.99994 2.3248 -2.62248)
0.0115404     (-7.03306 2.33945 -2.62338)
0.0116134     (-7.07829 2.34799 -2.62505)
0.0116865     (-7.13313 2.35266 -2.62986)
0.0117599     (-7.19314 2.35565 -2.63986)
0.0118336     (-7.25264 2.35787 -2.65745)
0.0119076     (-7.30641 2.3595 -2.68503)
0.0119818     (-7.35099 2.35971 -2.72481)
0.0120564     (-7.38513 2.35635 -2.77761)
0.0121314     (-7.40905 2.3461 -2.84359)
0.0122066     (-7.42332 2.32647 -2.92282)
0.0122823     (-7.43046 2.29561 -3.01679)
0.0123583     (-7.43511 2.25256 -3.12686)
0.0124344     (-7.44261 2.19834 -3.2528)
0.0125106     (-7.45891 2.13668 -3.39338)
0.0125867     (-7.48824 2.07499 -3.546)
0.0126627     (-7.53138 2.02165 -3.70631)
0.0127388     (-7.58514 1.98497 -3.86945)
0.0128147     (-7.64369 1.97331 -4.03103)
0.0128906     (-7.70033 1.99273 -4.18833)
0.0129665     (-7.74777 2.04441 -4.33954)
0.0130424     (-7.77938 2.12376 -4.48471)
0.0131183     (-7.78891 2.22289 -4.62111)
0.0131942     (-7.77378 2.32941 -4.74389)
0.0132701     (-7.73635 2.42996 -4.84674)
0.0133459     (-7.68282 2.51288 -4.92187)
0.0134213     (-7.62053 2.57098 -4.96349)
0.0134964     (-7.55602 2.60149 -4.97058)
0.0135711     (-7.49404 2.60394 -4.94556)
0.0136457     (-7.43751 2.58124 -4.89142)
0.0137202     (-7.38814 2.53761 -4.81064)
0.0137946     (-7.34717 2.47762 -4.70612)
0.013869      (-7.31552 2.40737 -4.58225)
0.0139435     (-7.29415 2.33434 -4.44163)
0.0140181     (-7.28256 2.26415 -4.28407)
0.0140928     (-7.27949 2.20104 -4.11227)
0.0141676     (-7.28379 2.14793 -3.93165)
0.0142425     (-7.29373 2.10629 -3.74693)
0.0143176     (-7.30681 2.07656 -3.56205)
0.0143925     (-7.32085 2.05761 -3.38009)
0.0144674     (-7.33571 2.04745 -3.2029)
0.0145421     (-7.35349 2.04369 -3.03105)
0.0146167     (-7.3768 2.04332 -2.86305)
0.0146911     (-7.40777 2.04357 -2.69481)
0.0147654     (-7.44751 2.04357 -2.52266)
0.0148397     (-7.49536 2.04195 -2.34518)
0.0149138     (-7.54942 2.03792 -2.16305)
0.0149879     (-7.60778 2.03173 -1.97857)
0.0150619     (-7.66804 2.02394 -1.79428)
0.0151358     (-7.72855 2.01512 -1.61317)
0.0152095     (-7.78873 2.0053 -1.43848)
0.015283      (-7.84775 1.99383 -1.2723)
0.0153563     (-7.91046 1.9814 -1.11676)
0.0154294     (-7.97391 1.96728 -0.973669)
0.0155023     (-8.03482 1.94987 -0.845101)
0.015575      (-8.09428 1.93176 -0.729488)
0.0156474     (-8.1521 1.91336 -0.629455)
0.0157197     (-8.20837 1.89336 -0.545147)
0.0157919     (-8.2627 1.87165 -0.475569)
0.0158639     (-8.31366 1.84882 -0.419568)
0.0159357     (-8.36069 1.82574 -0.376405)
0.0160075     (-8.40196 1.8025 -0.345914)
0.0160792     (-8.43855 1.77898 -0.324856)
0.0161509     (-8.47045 1.7554 -0.312048)
0.0162225     (-8.49752 1.73129 -0.306351)
0.0162941     (-8.51979 1.70631 -0.306013)
0.0163657     (-8.53768 1.68007 -0.309829)
0.0164374     (-8.55184 1.65228 -0.317117)
0.016509      (-8.56287 1.62243 -0.327679)
0.0165807     (-8.57119 1.59061 -0.341191)
0.0166525     (-8.57724 1.55773 -0.35799)
0.0167243     (-8.58139 1.52382 -0.378574)
0.0167962     (-8.58402 1.4907 -0.4038)
0.0168681     (-8.58561 1.45852 -0.433489)
0.0169401     (-8.58601 1.4284 -0.466538)
0.0170122     (-8.58591 1.40148 -0.501743)
0.0170843     (-8.58521 1.37829 -0.537557)
0.0171565     (-8.58391 1.3591 -0.572267)
0.0172287     (-8.58193 1.34404 -0.603989)
0.017301      (-8.57905 1.33259 -0.631367)
0.0173732     (-8.5747 1.32339 -0.653522)
0.0174455     (-8.56861 1.31502 -0.670117)
0.0175179     (-8.56049 1.30627 -0.681124)
0.0175903     (-8.55024 1.29608 -0.687068)
0.0176627     (-8.53779 1.28369 -0.68912)
0.0177352     (-8.52315 1.26836 -0.688842)
0.0178077     (-8.50646 1.24951 -0.687629)
0.0178802     (-8.48787 1.22691 -0.686549)
0.0179527     (-8.46733 1.20098 -0.68653)
0.0180253     (-8.44474 1.17186 -0.688589)
0.0180979     (-8.42001 1.14026 -0.693513)
0.0181706     (-8.39306 1.10751 -0.70267)
0.0182434     (-8.36393 1.07521 -0.716793)
0.0183161     (-8.33304 1.04366 -0.735819)
0.0183889     (-8.3012 1.01392 -0.759088)
0.0184618     (-8.26885 0.98685 -0.785534)
0.0185346     (-8.23654 0.961991 -0.813749)
0.0186074     (-8.20439 0.939795 -0.842709)
0.0186803     (-8.17317 0.92002 -0.871271)
0.0187531     (-8.14291 0.902135 -0.898654)
0.0188258     (-8.11345 0.885662 -0.923413)
0.0188986     (-8.08462 0.869667 -0.945273)
0.0189713     (-8.05642 0.853795 -0.963288)
0.0190439     (-8.02901 0.838137 -0.977342)
0.0191165     (-8.00258 0.822094 -0.986661)
0.0191891     (-7.97702 0.805078 -0.990831)
0.0192615     (-7.95177 0.787426 -0.990368)
0.019334      (-7.92577 0.769437 -0.985967)
0.0194064     (-7.89913 0.751094 -0.978114)
0.0194788     (-7.87184 0.733372 -0.968004)
0.0195511     (-7.84467 0.716151 -0.955287)
0.0196235     (-7.81788 0.698607 -0.940169)
0.0196958     (-7.79176 0.680912 -0.922809)
0.019768      (-7.76663 0.663307 -0.9031)
0.0198403     (-7.74233 0.645855 -0.881366)
0.0199126     (-7.71852 0.628889 -0.85826)
0.0199848     (-7.69489 0.612298 -0.833976)
0.0200571     (-7.67126 0.595786 -0.80854)
0.0201293     (-7.64811 0.579518 -0.781844)
0.0202014     (-7.62619 0.563837 -0.753798)
0.0202735     (-7.60598 0.548319 -0.724575)
0.0203456     (-7.58726 0.532673 -0.694864)
0.0204175     (-7.56978 0.516766 -0.665159)
0.0204894     (-7.5534 0.50074 -0.635586)
0.0205612     (-7.53742 0.48452 -0.606404)
0.020633      (-7.52229 0.468013 -0.577439)
0.0207047     (-7.50785 0.451497 -0.54864)
0.0207763     (-7.49363 0.43543 -0.520856)
0.0208479     (-7.48043 0.418751 -0.493565)
0.0209195     (-7.46713 0.401971 -0.46712)
0.020991      (-7.45366 0.384285 -0.442169)
0.0210625     (-7.44031 0.36607 -0.420074)
0.021134      (-7.42762 0.347348 -0.399748)
0.0212055     (-7.41541 0.328626 -0.381246)
0.0212769     (-7.4033 0.310303 -0.364633)
0.0213482     (-7.39105 0.292784 -0.349973)
0.0214196     (-7.37862 0.276268 -0.337336)
0.0214909     (-7.36621 0.260949 -0.32601)
0.0215622     (-7.35409 0.246751 -0.316151)
0.0216334     (-7.34249 0.233563 -0.308071)
0.0217046     (-7.33162 0.221315 -0.301315)
0.0217758     (-7.3215 0.209872 -0.295559)
0.0218469     (-7.31203 0.199179 -0.290408)
0.0219181     (-7.30315 0.188958 -0.285553)
0.0219892     (-7.29483 0.179205 -0.280974)
0.0220604     (-7.287 0.169904 -0.276781)
0.0221315     (-7.2796 0.161132 -0.273062)
0.0222026     (-7.27264 0.152834 -0.269904)
0.0222738     (-7.26603 0.144917 -0.267488)
0.022345      (-7.25977 0.137378 -0.265921)
0.0224162     (-7.25385 0.130282 -0.265278)
0.0224874     (-7.24826 0.123705 -0.265654)
0.0225587     (-7.24299 0.117645 -0.267094)
0.02263       (-7.23803 0.112153 -0.26963)
0.0227013     (-7.23332 0.107278 -0.273267)
0.0227727     (-7.22885 0.103022 -0.278131)
0.0228441     (-7.22464 0.0994117 -0.28411)
0.0229155     (-7.2207 0.0965049 -0.291077)
0.022987      (-7.217 0.0942147 -0.298947)
0.0230585     (-7.21349 0.0924897 -0.307554)
0.02313       (-7.21012 0.0912954 -0.316713)
0.0232015     (-7.2069 0.0907622 -0.326105)
0.0232731     (-7.20377 0.0909282 -0.335516)
0.0233447     (-7.20068 0.0918158 -0.345831)
0.0234164     (-7.19746 0.0936286 -0.357007)
0.023488      (-7.19396 0.0962209 -0.368811)
0.0235597     (-7.19003 0.0988763 -0.381539)
0.0236314     (-7.18556 0.101891 -0.394964)
0.0237031     (-7.18045 0.105338 -0.408847)
0.0237748     (-7.17461 0.109254 -0.423057)
0.0238466     (-7.16811 0.11358 -0.437529)
0.0239183     (-7.16109 0.118198 -0.451967)
0.0239901     (-7.15348 0.123129 -0.466177)
0.0240619     (-7.14495 0.128171 -0.480169)
0.0241336     (-7.13581 0.133259 -0.493814)
0.0242054     (-7.12608 0.138376 -0.506991)
0.0242771     (-7.11579 0.143472 -0.519481)
0.0243489     (-7.10507 0.148568 -0.531006)
0.0244207     (-7.09403 0.153662 -0.541419)
0.0244924     (-7.08279 0.158595 -0.550625)
0.0245641     (-7.07145 0.163428 -0.558459)
0.0246359     (-7.06015 0.168082 -0.564741)
0.0247076     (-7.049 0.172435 -0.569329)
0.0247793     (-7.03798 0.176419 -0.572175)
0.0248509     (-7.02711 0.179983 -0.573332)
0.0249226     (-7.01647 0.183048 -0.572833)
0.0249942     (-7.00618 0.185666 -0.570622)
0.0250658     (-6.99635 0.18785 -0.566725)
0.0251374     (-6.98713 0.189575 -0.56118)
0.025209      (-6.97861 0.190703 -0.554035)
0.0252806     (-6.97077 0.191221 -0.545532)
0.0253521     (-6.96361 0.191092 -0.535934)
0.0254236     (-6.9571 0.19031 -0.525461)
0.0254951     (-6.95164 0.188962 -0.514098)
0.0255665     (-6.94678 0.187164 -0.502014)
0.0256379     (-6.94259 0.18496 -0.489328)
0.0257093     (-6.93926 0.182397 -0.476076)
0.0257807     (-6.93692 0.179493 -0.462423)
0.0258521     (-6.93559 0.176317 -0.448467)
0.0259234     (-6.9352 0.172906 -0.434313)
0.0259947     (-6.93564 0.169242 -0.420073)
0.026066      (-6.93677 0.165331 -0.405902)
0.0261372     (-6.93851 0.161197 -0.39193)
0.0262084     (-6.94076 0.156868 -0.378242)
0.0262796     (-6.94341 0.152326 -0.36492)
0.0263508     (-6.94648 0.147568 -0.352096)
0.026422      (-6.94995 0.142651 -0.340084)
0.0264932     (-6.95363 0.137512 -0.328406)
0.0265643     (-6.95752 0.132081 -0.316873)
0.0266354     (-6.96151 0.126999 -0.305754)
0.0267065     (-6.96552 0.12154 -0.295087)
0.0267777     (-6.96962 0.115812 -0.284821)
0.0268488     (-6.9737 0.110151 -0.275184)
0.0269199     (-6.97775 0.104668 -0.266091)
0.026991      (-6.98168 0.0992574 -0.257773)
0.0270621     (-6.9856 0.0938759 -0.250338)
0.0271332     (-6.9896 0.0885489 -0.243591)
0.0272043     (-6.99369 0.0833823 -0.237333)
0.0272754     (-6.99775 0.0784867 -0.231515)
0.0273465     (-7.00171 0.0739793 -0.226194)
0.0274176     (-7.00557 0.0699295 -0.221458)
0.0274888     (-7.00933 0.0663474 -0.217392)
0.0275599     (-7.01304 0.0632206 -0.214007)
0.0276311     (-7.01677 0.060533 -0.211346)
0.0277023     (-7.02047 0.0582891 -0.209381)
0.0277735     (-7.024 0.056559 -0.208102)
0.0278447     (-7.02721 0.055397 -0.207531)
0.0279159     (-7.03009 0.0547938 -0.207743)
0.0279871     (-7.03272 0.0547101 -0.208792)
0.0280584     (-7.03518 0.0550951 -0.210648)
0.0281296     (-7.03748 0.0559535 -0.213266)
0.0282009     (-7.03948 0.0573339 -0.216595)
0.0282722     (-7.04112 0.0592479 -0.220656)
0.0283435     (-7.04239 0.0616608 -0.225474)
0.0284148     (-7.04342 0.0645301 -0.231054)
0.0284861     (-7.0442 0.0678228 -0.237335)
0.0285574     (-7.04467 0.0715383 -0.244262)
0.0286288     (-7.04473 0.0757172 -0.251828)
0.0287001     (-7.04439 0.0802365 -0.259964)
0.0287715     (-7.04379 0.0849101 -0.268452)
0.0288428     (-7.04296 0.0900406 -0.277404)
0.0289142     (-7.04187 0.0956675 -0.286943)
0.0289856     (-7.04039 0.10166 -0.296974)
0.029057      (-7.03843 0.107905 -0.307472)
0.0291284     (-7.03606 0.114602 -0.317899)
0.0291998     (-7.03333 0.121683 -0.328084)
0.0292712     (-7.03024 0.128672 -0.337742)
0.0293426     (-7.02677 0.135716 -0.347606)
0.029414      (-7.0228 0.142893 -0.35751)
0.0294854     (-7.01841 0.150156 -0.367331)
0.0295568     (-7.01368 0.157436 -0.376993)
0.0296282     (-7.00873 0.164652 -0.386358)
0.0296996     (-7.0036 0.17174 -0.395278)
0.029771      (-6.99822 0.178708 -0.403664)
0.0298424     (-6.9925 0.18555 -0.411442)
0.0299138     (-6.98646 0.192302 -0.418696)
0.0299852     (-6.98028 0.198981 -0.425343)
0.0300566     (-6.97409 0.20551 -0.431225)
0.030128      (-6.96791 0.211818 -0.4362)
0.0301994     (-6.96172 0.217953 -0.440179)
0.0302707     (-6.95546 0.223952 -0.443145)
0.0303421     (-6.94923 0.229808 -0.445088)
0.0304134     (-6.94316 0.235449 -0.446061)
0.0304848     (-6.93741 0.24079 -0.446062)
0.0305561     (-6.932 0.245787 -0.445051)
0.0306274     (-6.92687 0.250485 -0.443063)
0.0306987     (-6.92194 0.254937 -0.440188)
0.03077       (-6.91724 0.259164 -0.436577)
0.0308413     (-6.91297 0.263101 -0.432304)
0.0309125     (-6.90921 0.26663 -0.427364)
0.0309838     (-6.90596 0.269771 -0.421753)
0.031055      (-6.9031 0.272594 -0.415504)
0.0311262     (-6.90058 0.275173 -0.408727)
0.0311974     (-6.89844 0.277511 -0.401568)
0.0312686     (-6.89679 0.279567 -0.394135)
0.0313398     (-6.89573 0.281307 -0.386458)
0.031411      (-6.89521 0.282771 -0.378565)
0.0314821     (-6.89514 0.284044 -0.370552)
0.0315533     (-6.89548 0.285191 -0.362477)
0.0316244     (-6.89618 0.286212 -0.354512)
0.0316955     (-6.89738 0.287072 -0.346796)
0.0317666     (-6.89908 0.287788 -0.339418)
0.0318377     (-6.90119 0.288398 -0.332167)
0.0319088     (-6.90365 0.288875 -0.324745)
0.0319799     (-6.90634 0.28929 -0.317534)
0.032051      (-6.9093 0.290039 -0.310354)
0.0321221     (-6.91265 0.290737 -0.303597)
0.0321932     (-6.9164 0.291463 -0.297185)
0.0322643     (-6.92044 0.292203 -0.291197)
0.0323353     (-6.9247 0.29291 -0.285351)
0.0324064     (-6.92914 0.293911 -0.279825)
0.0324775     (-6.9337 0.295091 -0.274658)
0.0325486     (-6.93842 0.296484 -0.26995)
0.0326197     (-6.94335 0.298032 -0.265756)
0.0326908     (-6.94844 0.299728 -0.262019)
0.0327619     (-6.95357 0.30163 -0.258738)
0.032833      (-6.95868 0.3038 -0.255925)
0.0329042     (-6.96378 0.306284 -0.253609)
0.0329753     (-6.96884 0.309108 -0.251816)
0.0330464     (-6.97385 0.312277 -0.250548)
0.0331176     (-6.97885 0.315756 -0.249819)
0.0331887     (-6.9839 0.319508 -0.249616)
0.0332599     (-6.989 0.323535 -0.249893)
0.0333311     (-6.99406 0.32787 -0.250624)
0.0334023     (-6.99901 0.332523 -0.251824)
0.0334735     (-7.00387 0.337488 -0.253549)
0.0335447     (-7.00865 0.342736 -0.255826)
0.033616      (-7.01337 0.348188 -0.258635)
0.0336872     (-7.01805 0.353782 -0.261898)
0.0337585     (-7.02267 0.359555 -0.265625)
0.0338298     (-7.02718 0.365328 -0.269659)
0.0339011     (-7.03154 0.371346 -0.274087)
0.0339724     (-7.03573 0.377533 -0.278925)
0.0340437     (-7.03969 0.383913 -0.28416)
0.0341151     (-7.04341 0.390462 -0.289757)
0.0341864     (-7.04686 0.397152 -0.295716)
0.0342578     (-7.05005 0.403942 -0.301767)
0.0343292     (-7.0529 0.411058 -0.308432)
0.0344006     (-7.05544 0.418354 -0.31559)
0.034472      (-7.05773 0.425751 -0.322617)
0.0345434     (-7.05979 0.433364 -0.329582)
0.0346149     (-7.06156 0.441006 -0.336261)
0.0346863     (-7.06308 0.448515 -0.342894)
0.0347578     (-7.06418 0.45592 -0.349708)
0.0348292     (-7.06495 0.463021 -0.356494)
0.0349007     (-7.06539 0.470781 -0.363399)
0.0349722     (-7.06548 0.478526 -0.37041)
0.0350437     (-7.06525 0.486056 -0.377234)
0.0351152     (-7.06465 0.493408 -0.383802)
0.0351867     (-7.06368 0.500565 -0.390115)
0.0352582     (-7.06238 0.507497 -0.396134)
0.0353297     (-7.0608 0.514157 -0.401817)
0.0354012     (-7.05896 0.520539 -0.407129)
0.0354727     (-7.05686 0.526651 -0.412037)
0.0355442     (-7.05452 0.532496 -0.416503)
0.0356157     (-7.05198 0.538054 -0.420496)
0.0356871     (-7.04925 0.543302 -0.423982)
0.0357586     (-7.04637 0.548242 -0.426932)
0.0358301     (-7.04334 0.552863 -0.429333)
0.0359016     (-7.04021 0.557154 -0.431151)
0.0359731     (-7.037 0.561132 -0.432359)
0.0360445     (-7.03373 0.564792 -0.432947)
0.036116      (-7.03042 0.568116 -0.432914)
0.0361874     (-7.02714 0.571101 -0.432265)
0.0362589     (-7.0239 0.573762 -0.431012)
0.0363303     (-7.02075 0.576105 -0.429179)
0.0364017     (-7.01768 0.578155 -0.426789)
0.0364732     (-7.01473 0.579933 -0.423859)
0.0365446     (-7.01191 0.58145 -0.420419)
0.036616      (-7.00927 0.582715 -0.416499)
0.0366874     (-7.00681 0.583743 -0.412137)
0.0367588     (-7.00456 0.58456 -0.407388)
0.0368302     (-7.00252 0.585211 -0.402288)
0.0369015     (-7.00071 0.585702 -0.396886)
0.0369729     (-6.99915 0.586039 -0.391221)
0.0370443     (-6.99786 0.586229 -0.385342)
0.0371156     (-6.99682 0.586316 -0.37932)
0.037187      (-6.99603 0.586349 -0.373217)
0.0372583     (-6.99545 0.586316 -0.367079)
0.0373297     (-6.99513 0.586206 -0.360948)
0.037401      (-6.99506 0.586011 -0.354891)
0.0374724     (-6.99521 0.585758 -0.348992)
0.0375437     (-6.99557 0.58551 -0.34331)
0.037615      (-6.99613 0.585261 -0.337913)
0.0376864     (-6.9969 0.58507 -0.332292)
0.0377577     (-6.99785 0.584841 -0.326889)
0.0378291     (-6.99894 0.584943 -0.321614)
0.0379004     (-7.00018 0.585134 -0.316406)
0.0379717     (-7.00153 0.585429 -0.311573)
0.0380431     (-7.003 0.585899 -0.307094)
0.0381144     (-7.00455 0.586437 -0.30305)
0.0381858     (-7.00618 0.587115 -0.29947)
0.0382572     (-7.00786 0.588053 -0.296311)
0.0383285     (-7.00957 0.589189 -0.293652)
0.0383999     (-7.01128 0.590557 -0.291522)
0.0384713     (-7.01298 0.592167 -0.289941)
0.0385427     (-7.01465 0.594012 -0.288901)
0.0386141     (-7.01628 0.596087 -0.288367)
0.0386855     (-7.01786 0.598394 -0.288312)
0.0387569     (-7.01938 0.600942 -0.288701)
0.0388283     (-7.02081 0.603725 -0.289526)
0.0388998     (-7.02215 0.606742 -0.290829)
0.0389712     (-7.02338 0.609995 -0.292619)
0.0390427     (-7.02449 0.613483 -0.294894)
0.0391141     (-7.02543 0.61721 -0.297624)
0.0391856     (-7.02619 0.62122 -0.300735)
0.0392571     (-7.02678 0.625401 -0.304275)
0.0393286     (-7.02721 0.629749 -0.308212)
0.0394001     (-7.02748 0.634262 -0.312532)
0.0394716     (-7.02758 0.638998 -0.317193)
0.0395432     (-7.02754 0.643967 -0.321927)
0.0396147     (-7.02736 0.649052 -0.326864)
0.0396862     (-7.02705 0.654357 -0.331956)
0.0397578     (-7.0266 0.659832 -0.336887)
0.0398294     (-7.02598 0.665328 -0.341879)
0.0399009     (-7.02517 0.670837 -0.347118)
0.0399725     (-7.02418 0.676323 -0.352537)
0.0400441     (-7.02301 0.681862 -0.358059)
0.0401157     (-7.02169 0.687442 -0.363656)
0.0401873     (-7.02021 0.692998 -0.369273)
0.0402589     (-7.01857 0.698502 -0.37486)
0.0403305     (-7.01674 0.703934 -0.380343)
0.0404021     (-7.01471 0.709291 -0.385664)
0.0404738     (-7.01252 0.714556 -0.390783)
0.0405454     (-7.01015 0.71971 -0.395669)
0.0406171     (-7.00762 0.724743 -0.400307)
0.0406887     (-7.00495 0.729651 -0.40468)
0.0407604     (-7.00214 0.734412 -0.408769)
0.040832      (-6.99924 0.739009 -0.412552)
0.0409037     (-6.99628 0.743413 -0.41601)
0.0409753     (-6.99331 0.747607 -0.419124)
0.041047      (-6.99037 0.751568 -0.421866)
0.0411187     (-6.98749 0.755293 -0.424207)
0.0411904     (-6.98473 0.758782 -0.426097)
0.041262      (-6.98211 0.762044 -0.427485)
0.0413337     (-6.9796 0.765089 -0.428328)
0.0414054     (-6.97719 0.76792 -0.428609)
0.041477      (-6.97484 0.770564 -0.428339)
0.0415487     (-6.97243 0.773064 -0.427526)
0.0416204     (-6.97001 0.775408 -0.426261)
0.041692      (-6.96763 0.777556 -0.424599)
0.0417637     (-6.96528 0.779497 -0.42254)
0.0418353     (-6.96294 0.781243 -0.420074)
0.041907      (-6.96059 0.782816 -0.417224)
0.0419786     (-6.95821 0.784234 -0.413997)
0.0420503     (-6.95575 0.785538 -0.410438)
0.0421219     (-6.9532 0.786766 -0.406635)
0.0421935     (-6.95059 0.787933 -0.402667)
0.0422652     (-6.94798 0.789033 -0.398598)
0.0423368     (-6.94542 0.79007 -0.394452)
0.0424084     (-6.94296 0.791044 -0.390249)
0.04248       (-6.94066 0.791945 -0.386033)
0.0425516     (-6.93856 0.792754 -0.381798)
0.0426232     (-6.93672 0.793464 -0.377547)
0.0426948     (-6.93515 0.794084 -0.373252)
0.0427664     (-6.93381 0.794672 -0.368964)
0.042838      (-6.93269 0.795253 -0.364764)
0.0429096     (-6.93186 0.795807 -0.360698)
0.0429812     (-6.93136 0.796327 -0.356789)
0.0430528     (-6.93116 0.796818 -0.35304)
0.0431244     (-6.93123 0.797308 -0.349481)
0.043196      (-6.93153 0.797823 -0.346136)
0.0432676     (-6.93207 0.798348 -0.343034)
0.0433392     (-6.93282 0.798884 -0.340174)
0.0434108     (-6.93375 0.799441 -0.337542)
0.0434824     (-6.9348 0.800072 -0.33489)
0.043554      (-6.9359 0.800771 -0.332469)
0.0436256     (-6.937 0.801632 -0.330289)
0.0436972     (-6.93808 0.802686 -0.328308)
0.0437689     (-6.9391 0.803855 -0.326612)
0.0438405     (-6.94004 0.805171 -0.325226)
0.0439121     (-6.94092 0.806654 -0.324179)
0.0439838     (-6.94175 0.808291 -0.323482)
0.0440554     (-6.94255 0.810084 -0.323132)
0.0441271     (-6.94331 0.812033 -0.323127)
0.0441987     (-6.94403 0.814137 -0.32346)
0.0442704     (-6.94476 0.816386 -0.324115)
0.0443421     (-6.94546 0.818778 -0.325078)
0.0444138     (-6.94616 0.82131 -0.326343)
0.0444855     (-6.94684 0.82397 -0.327899)
0.0445572     (-6.94752 0.826752 -0.329737)
0.0446289     (-6.94817 0.829641 -0.331835)
0.0447006     (-6.94878 0.832668 -0.334148)
0.0447724     (-6.94931 0.835868 -0.336455)
0.0448441     (-6.94978 0.839098 -0.338817)
0.0449158     (-6.95014 0.842411 -0.341367)
0.0449876     (-6.95038 0.845819 -0.344077)
0.0450593     (-6.95046 0.84931 -0.346961)
0.0451311     (-6.95031 0.852899 -0.350025)
0.0452029     (-6.9501 0.856535 -0.353233)
0.0452746     (-6.94986 0.860174 -0.356561)
0.0453464     (-6.94962 0.863792 -0.359982)
0.0454182     (-6.94936 0.867387 -0.363466)
0.04549       (-6.94908 0.870959 -0.366986)
0.0455618     (-6.94879 0.874497 -0.370499)
0.0456336     (-6.94848 0.878 -0.373981)
0.0457054     (-6.94815 0.881469 -0.377426)
0.0457772     (-6.94781 0.884888 -0.380805)
0.045849      (-6.94743 0.888247 -0.384091)
0.0459208     (-6.94701 0.891535 -0.387262)
0.0459926     (-6.94654 0.894742 -0.390303)
0.0460644     (-6.94602 0.897852 -0.393197)
0.0461362     (-6.94543 0.900856 -0.395921)
0.0462079     (-6.94476 0.903742 -0.398453)
0.0462797     (-6.94403 0.906507 -0.400776)
0.0463515     (-6.94322 0.909148 -0.402878)
0.0464233     (-6.94235 0.911658 -0.404744)
0.0464951     (-6.94142 0.914033 -0.406362)
0.0465669     (-6.94043 0.916269 -0.407721)
0.0466386     (-6.93939 0.918372 -0.408814)
0.0467104     (-6.93829 0.920336 -0.409634)
0.0467822     (-6.93716 0.922164 -0.410171)
0.046854      (-6.93599 0.923859 -0.410416)
0.0469257     (-6.93481 0.925423 -0.410361)
0.0469975     (-6.93361 0.926857 -0.41001)
0.0470692     (-6.93242 0.928164 -0.40937)
0.047141      (-6.93123 0.929345 -0.408452)
0.0472127     (-6.93005 0.930407 -0.407275)
0.0472845     (-6.92889 0.931359 -0.405856)
0.0473562     (-6.92776 0.932208 -0.40421)
0.0474279     (-6.92665 0.93295 -0.402349)
0.0474996     (-6.92557 0.933593 -0.400294)
0.0475714     (-6.92455 0.934122 -0.398038)
0.0476431     (-6.92358 0.93454 -0.395585)
0.0477148     (-6.92271 0.934859 -0.392957)
0.0477865     (-6.92193 0.935086 -0.390179)
0.0478582     (-6.92127 0.935236 -0.387284)
0.0479299     (-6.92071 0.93531 -0.384297)
0.0480016     (-6.92027 0.935319 -0.381251)
0.0480733     (-6.91995 0.935272 -0.378172)
0.048145      (-6.91975 0.935177 -0.375078)
0.0482167     (-6.91968 0.935041 -0.371989)
0.0482884     (-6.91974 0.934863 -0.368909)
0.0483601     (-6.91993 0.934655 -0.36585)
0.0484318     (-6.92023 0.934436 -0.362834)
0.0485034     (-6.92065 0.93422 -0.35988)
0.0485751     (-6.92118 0.934023 -0.357016)
0.0486468     (-6.9218 0.933855 -0.354266)
0.0487185     (-6.92252 0.933718 -0.351661)
0.0487902     (-6.92332 0.933621 -0.349218)
0.0488619     (-6.9242 0.933575 -0.346946)
0.0489335     (-6.92516 0.933584 -0.344862)
0.0490052     (-6.92618 0.93366 -0.34298)
0.0490769     (-6.92723 0.933809 -0.341315)
0.0491486     (-6.92832 0.934043 -0.339866)
0.0492203     (-6.92945 0.934365 -0.33864)
0.049292      (-6.93059 0.934782 -0.337639)
0.0493637     (-6.93174 0.935305 -0.336868)
0.0494354     (-6.93289 0.935933 -0.336328)
0.0495071     (-6.93403 0.936671 -0.336015)
0.0495788     (-6.93515 0.937525 -0.335925)
0.0496505     (-6.93624 0.938493 -0.336052)
0.0497222     (-6.93728 0.939576 -0.336392)
0.049794      (-6.93827 0.940774 -0.336938)
0.0498657     (-6.93919 0.942086 -0.337683)
0.0499374     (-6.94003 0.943519 -0.338612)
0.0500091     (-6.94079 0.945065 -0.339721)
0.0500809     (-6.94145 0.946721 -0.341004)
0.0501526     (-6.94202 0.948476 -0.342452)
0.0502243     (-6.9425 0.950323 -0.344054)
0.050296      (-6.94287 0.952258 -0.345803)
0.0503678     (-6.94314 0.954266 -0.347678)
0.0504395     (-6.94333 0.95634 -0.349663)
0.0505113     (-6.9434 0.958483 -0.351746)
0.050583      (-6.94336 0.960682 -0.353906)
0.0506548     (-6.94322 0.962933 -0.356114)
0.0507266     (-6.94298 0.965225 -0.358351)
0.0507983     (-6.94263 0.967545 -0.360592)
0.0508701     (-6.94217 0.969886 -0.362809)
0.0509419     (-6.9416 0.972239 -0.364981)
0.0510137     (-6.9409 0.974603 -0.36709)
0.0510855     (-6.94007 0.976976 -0.369126)
0.0511573     (-6.93914 0.979358 -0.371083)
0.0512291     (-6.9381 0.981744 -0.372958)
0.0513009     (-6.93698 0.984115 -0.374752)
0.0513727     (-6.93577 0.986459 -0.376455)
0.0514445     (-6.93451 0.988759 -0.378055)
0.0515164     (-6.93322 0.990997 -0.379535)
0.0515882     (-6.93193 0.99316 -0.380876)
0.05166       (-6.93066 0.995247 -0.382061)
0.0517317     (-6.92942 0.997247 -0.383072)
0.0518035     (-6.92823 0.999162 -0.383894)
0.0518753     (-6.92709 1.00099 -0.38452)
0.0519471     (-6.92599 1.00272 -0.384946)
0.0520189     (-6.92494 1.00437 -0.385174)
0.0520907     (-6.92394 1.00593 -0.385206)
0.0521625     (-6.92298 1.0074 -0.385041)
0.0522343     (-6.92206 1.00879 -0.384679)
0.052306      (-6.92118 1.01008 -0.38412)
0.0523778     (-6.92035 1.01127 -0.383363)
0.0524496     (-6.91956 1.01237 -0.382418)
0.0525213     (-6.91881 1.01337 -0.381293)
0.0525931     (-6.91812 1.01428 -0.379999)
0.0526649     (-6.91748 1.01508 -0.378546)
0.0527366     (-6.91689 1.0158 -0.376948)
0.0528084     (-6.91636 1.01643 -0.375216)
0.0528801     (-6.9159 1.01697 -0.37336)
0.0529518     (-6.9155 1.01744 -0.371393)
0.0530236     (-6.91517 1.01783 -0.369333)
0.0530953     (-6.91492 1.01816 -0.367183)
0.053167      (-6.91473 1.01843 -0.36496)
0.0532387     (-6.91465 1.01863 -0.362663)
0.0533105     (-6.91464 1.01878 -0.360313)
0.0533822     (-6.9147 1.01888 -0.357929)
0.0534539     (-6.91485 1.01894 -0.355525)
0.0535256     (-6.91508 1.01898 -0.35312)
0.0535973     (-6.91539 1.01899 -0.350731)
0.053669      (-6.91578 1.01898 -0.348379)
0.0537407     (-6.91623 1.01897 -0.346079)
0.0538124     (-6.91674 1.01895 -0.343849)
0.0538841     (-6.9173 1.01896 -0.341705)
0.0539558     (-6.91792 1.01898 -0.339673)
0.0540275     (-6.91859 1.01901 -0.337768)
0.0540992     (-6.9193 1.01905 -0.336032)
0.0541709     (-6.92006 1.01917 -0.334275)
0.0542425     (-6.92086 1.01932 -0.332651)
0.0543142     (-6.92168 1.01953 -0.331202)
0.0543859     (-6.92251 1.01979 -0.329924)
0.0544576     (-6.92336 1.02011 -0.328817)
0.0545293     (-6.92421 1.02049 -0.327874)
0.054601      (-6.92505 1.02093 -0.327089)
0.0546727     (-6.92587 1.02144 -0.326451)
0.0547444     (-6.92667 1.02202 -0.325956)
0.0548161     (-6.92745 1.02268 -0.325607)
0.0548878     (-6.92818 1.02342 -0.325405)
0.0549595     (-6.92886 1.02424 -0.325352)
0.0550313     (-6.92948 1.02516 -0.325452)
0.055103      (-6.93002 1.02617 -0.325705)
0.0551747     (-6.93047 1.02728 -0.326118)
0.0552464     (-6.93084 1.02849 -0.326697)
0.0553182     (-6.93111 1.0298 -0.327444)
0.0553899     (-6.93131 1.03121 -0.328359)
0.0554616     (-6.93142 1.0327 -0.329433)
0.0555334     (-6.93148 1.03428 -0.330658)
0.0556051     (-6.93148 1.03593 -0.33202)
0.0556769     (-6.93142 1.03766 -0.333506)
0.0557486     (-6.93133 1.03942 -0.335007)
0.0558204     (-6.9312 1.0412 -0.336459)
0.0558921     (-6.93104 1.04303 -0.337991)
0.0559639     (-6.93083 1.04492 -0.339589)
0.0560357     (-6.93058 1.04687 -0.341225)
0.0561074     (-6.93026 1.04887 -0.342883)
0.0561792     (-6.92988 1.05092 -0.344541)
0.056251      (-6.92942 1.05303 -0.346203)
0.0563228     (-6.92887 1.05518 -0.347863)
0.0563946     (-6.92822 1.05738 -0.349516)
0.0564663     (-6.92747 1.0596 -0.351155)
0.0565381     (-6.92664 1.06185 -0.352769)
0.0566099     (-6.92574 1.0641 -0.354345)
0.0566817     (-6.92478 1.06635 -0.355866)
0.0567535     (-6.92378 1.0686 -0.357317)
0.0568253     (-6.92275 1.07084 -0.358683)
0.0568971     (-6.92169 1.07305 -0.35995)
0.0569689     (-6.9206 1.07524 -0.361107)
0.0570407     (-6.91948 1.07741 -0.362141)
0.0571124     (-6.91833 1.07955 -0.363038)
0.0571842     (-6.91714 1.08168 -0.363798)
0.057256      (-6.91593 1.08377 -0.364415)
0.0573278     (-6.91469 1.08584 -0.364887)
0.0573996     (-6.91344 1.08786 -0.36522)
0.0574714     (-6.91219 1.08984 -0.365408)
0.0575432     (-6.91094 1.09176 -0.365448)
0.0576149     (-6.9097 1.09364 -0.365339)
0.0576867     (-6.90847 1.09547 -0.365086)
0.0577585     (-6.90726 1.09725 -0.364694)
0.0578303     (-6.90608 1.09896 -0.364167)
0.057902      (-6.90495 1.10061 -0.36351)
0.0579738     (-6.90386 1.1022 -0.36272)
0.0580456     (-6.90283 1.10371 -0.361797)
0.0581173     (-6.90186 1.10515 -0.360739)
0.0581891     (-6.90095 1.10653 -0.359551)
0.0582608     (-6.90009 1.10785 -0.358236)
0.0583326     (-6.89926 1.10912 -0.356787)
0.0584043     (-6.89838 1.11038 -0.355205)
0.0584761     (-6.8974 1.11166 -0.353538)
0.0585478     (-6.8964 1.11292 -0.351831)
0.0586196     (-6.8955 1.1141 -0.350103)
0.0586913     (-6.89473 1.1152 -0.348315)
0.058763      (-6.89411 1.1162 -0.346449)
0.0588348     (-6.89362 1.11712 -0.344513)
0.0589065     (-6.89321 1.11799 -0.342519)
0.0589782     (-6.89285 1.11883 -0.340493)
0.0590499     (-6.8925 1.11966 -0.338453)
0.0591217     (-6.89211 1.12052 -0.336409)
0.0591934     (-6.89163 1.12144 -0.334137)
0.0592651     (-6.89101 1.12245 -0.331808)
0.0593368     (-6.89028 1.12355 -0.329573)
0.0594085     (-6.88951 1.12469 -0.327469)
0.0594803     (-6.8888 1.12584 -0.325508)
0.059552      (-6.88825 1.12696 -0.323688)
0.0596237     (-6.88792 1.12798 -0.321998)
0.0596954     (-6.88788 1.12893 -0.320399)
0.0597671     (-6.88824 1.12979 -0.318809)
0.0598388     (-6.88914 1.13045 -0.31723)
0.0599106     (-6.8908 1.13084 -0.315652)
0.0599823     (-6.89347 1.13086 -0.314072)
0.060054      (-6.8973 1.13043 -0.312189)
0.0601257     (-6.90193 1.12971 -0.309464)
0.0601974     (-6.90644 1.12909 -0.305407)
0.0602692     (-6.90956 1.12882 -0.299997)
0.0603409     (-6.90999 1.12913 -0.293509)
0.0604126     (-6.9066 1.13041 -0.286258)
0.0604844     (-6.8985 1.13317 -0.278685)
0.0605561     (-6.88526 1.13785 -0.271645)
0.0606278     (-6.86766 1.14431 -0.266371)
0.0606996     (-6.84778 1.15232 -0.264378)
0.0607713     (-6.82838 1.16069 -0.266207)
0.0608431     (-6.81238 1.16793 -0.271213)
0.0609148     (-6.80152 1.17443 -0.278557)
0.0609866     (-6.79593 1.1791 -0.28645)
0.0610583     (-6.79425 1.18236 -0.293228)
0.0611301     (-6.79462 1.18514 -0.298061)
0.0612019     (-6.79578 1.18793 -0.301206)
0.0612736     (-6.79723 1.19091 -0.303284)
0.0613454     (-6.79893 1.194 -0.304813)
0.0614172     (-6.80091 1.19696 -0.306026)
0.0614889     (-6.80303 1.19964 -0.306916)
0.0615607     (-6.80489 1.20205 -0.307345)
0.0616325     (-6.80597 1.20439 -0.307256)
0.0617043     (-6.80594 1.20689 -0.306804)
0.0617761     (-6.80474 1.20972 -0.306304)
0.0618479     (-6.80259 1.21294 -0.306088)
0.0619197     (-6.79989 1.21645 -0.306392)
0.0619914     (-6.79706 1.22009 -0.3073)
0.0620632     (-6.79444 1.2237 -0.308751)
0.062135      (-6.79223 1.22714 -0.310576)
0.0622068     (-6.79051 1.23036 -0.312495)
0.0622786     (-6.78927 1.23337 -0.314397)
0.0623504     (-6.78843 1.23621 -0.316178)
0.0624222     (-6.78796 1.23893 -0.317747)
0.062494      (-6.78779 1.24146 -0.319125)
0.0625658     (-6.78789 1.24382 -0.320285)
0.0626376     (-6.78818 1.24603 -0.321209)
0.0627094     (-6.78858 1.24811 -0.321872)
0.0627812     (-6.78899 1.25006 -0.322253)
0.062853      (-6.7893 1.25195 -0.322356)
0.0629248     (-6.78943 1.25381 -0.322211)
0.0629966     (-6.78933 1.25567 -0.321871)
0.0630683     (-6.78901 1.25757 -0.321391)
0.0631401     (-6.78848 1.25949 -0.320821)
0.0632119     (-6.78779 1.26143 -0.320203)
0.0632837     (-6.787 1.26337 -0.319558)
0.0633555     (-6.78617 1.26528 -0.318893)
0.0634272     (-6.78534 1.26715 -0.318212)
0.063499      (-6.78457 1.26897 -0.317509)
0.0635708     (-6.78388 1.27073 -0.316778)
0.0636426     (-6.7833 1.27242 -0.316005)
0.0637143     (-6.78286 1.27408 -0.315152)
0.0637861     (-6.78255 1.27566 -0.31423)
0.0638579     (-6.78238 1.27715 -0.313232)
0.0639296     (-6.78231 1.27858 -0.312144)
0.0640014     (-6.78234 1.27995 -0.310914)
0.0640731     (-6.78243 1.28126 -0.309602)
0.0641449     (-6.78256 1.28254 -0.308225)
0.0642167     (-6.7827 1.28379 -0.306793)
0.0642884     (-6.78285 1.28503 -0.305327)
0.0643602     (-6.78298 1.28627 -0.303849)
0.0644319     (-6.78311 1.2875 -0.302382)
0.0645036     (-6.78324 1.28875 -0.300944)
0.0645754     (-6.78337 1.29 -0.299555)
0.0646471     (-6.78351 1.29128 -0.29821)
0.0647188     (-6.78366 1.29257 -0.296924)
0.0647905     (-6.78384 1.29386 -0.295721)
0.0648622     (-6.78406 1.29516 -0.294607)
0.0649339     (-6.78431 1.29646 -0.293586)
0.0650056     (-6.7846 1.29776 -0.292664)
0.0650773     (-6.78492 1.29908 -0.291845)
0.065149      (-6.78528 1.3004 -0.291133)
0.0652207     (-6.78566 1.30173 -0.290526)
0.0652924     (-6.78606 1.30307 -0.290024)
0.0653642     (-6.78647 1.30442 -0.289622)
0.0654359     (-6.78688 1.30579 -0.289317)
0.0655077     (-6.78727 1.30717 -0.289107)
0.0655794     (-6.78765 1.30858 -0.288992)
0.0656512     (-6.78801 1.31002 -0.288974)
0.065723      (-6.78835 1.3115 -0.289053)
0.0657948     (-6.78866 1.31301 -0.289233)
0.0658665     (-6.78894 1.31455 -0.289517)
0.0659383     (-6.78919 1.31613 -0.289907)
0.0660101     (-6.78941 1.31775 -0.290403)
0.0660819     (-6.7896 1.31939 -0.291001)
0.0661537     (-6.78976 1.32107 -0.291695)
0.0662255     (-6.78989 1.32277 -0.292479)
0.0662972     (-6.78998 1.32451 -0.293349)
0.066369      (-6.79003 1.32627 -0.294296)
0.0664409     (-6.79005 1.32806 -0.295314)
0.0665127     (-6.79003 1.32987 -0.296394)
0.0665845     (-6.78998 1.3317 -0.297528)
0.0666563     (-6.78988 1.33355 -0.298704)
0.0667281     (-6.78974 1.33543 -0.299913)
0.0667999     (-6.78956 1.33733 -0.301145)
0.0668718     (-6.78933 1.33925 -0.302392)
0.0669436     (-6.78905 1.34119 -0.303646)
0.0670154     (-6.78873 1.34314 -0.3049)
0.0670871     (-6.78838 1.3451 -0.306141)
0.0671589     (-6.78799 1.34708 -0.307346)
0.0672307     (-6.78757 1.34905 -0.308518)
0.0673024     (-6.78712 1.351 -0.309651)
0.0673742     (-6.78665 1.35293 -0.310736)
0.0674459     (-6.78617 1.35483 -0.311723)
0.0675176     (-6.78568 1.35671 -0.312633)
0.0675894     (-6.78519 1.35856 -0.313466)
0.0676611     (-6.78469 1.36038 -0.314222)
0.0677328     (-6.78419 1.36219 -0.314887)
0.0678044     (-6.78369 1.36398 -0.31547)
0.0678761     (-6.78316 1.36577 -0.315977)
0.0679478     (-6.78261 1.36755 -0.316415)
0.0680195     (-6.78204 1.36934 -0.316793)
0.0680911     (-6.78142 1.37113 -0.31712)
0.0681628     (-6.78077 1.37291 -0.317403)
0.0682344     (-6.78007 1.37467 -0.317647)
0.0683061     (-6.77932 1.37639 -0.317846)
0.0683777     (-6.77853 1.37804 -0.317989)
0.0684494     (-6.77772 1.37962 -0.318051)
0.068521      (-6.77691 1.38109 -0.318002)
0.0685927     (-6.7761 1.38243 -0.317809)
0.0686644     (-6.77531 1.38364 -0.317438)
0.068736      (-6.77455 1.38471 -0.316857)
0.0688077     (-6.77383 1.38566 -0.316046)
0.0688793     (-6.77316 1.38648 -0.315)
0.068951      (-6.77254 1.38719 -0.313725)
0.0690227     (-6.77198 1.38779 -0.312231)
0.0690943     (-6.77147 1.3883 -0.310503)
0.069166      (-6.771 1.38874 -0.308576)
0.0692376     (-6.77056 1.3891 -0.30653)
0.0693093     (-6.77014 1.38942 -0.304413)
0.0693809     (-6.76975 1.3897 -0.302258)
0.0694526     (-6.76939 1.38998 -0.300065)
0.0695242     (-6.76907 1.39022 -0.297883)
0.0695959     (-6.76879 1.39045 -0.295729)
0.0696675     (-6.76857 1.39068 -0.293609)
0.0697392     (-6.76842 1.39093 -0.291525)
0.0698108     (-6.76836 1.39119 -0.289474)
0.0698824     (-6.7684 1.39149 -0.287453)
0.0699541     (-6.76857 1.39183 -0.285464)
0.0700257     (-6.76885 1.39222 -0.283513)
0.0700973     (-6.76926 1.39265 -0.281602)
0.070169      (-6.76978 1.39312 -0.279736)
0.0702406     (-6.7704 1.39362 -0.277923)
0.0703122     (-6.7711 1.39415 -0.27617)
0.0703839     (-6.77185 1.39472 -0.27449)
0.0704555     (-6.77263 1.39531 -0.272905)
0.0705272     (-6.77341 1.39594 -0.271438)
0.0705988     (-6.77418 1.39661 -0.270116)
0.0706704     (-6.77493 1.39731 -0.268982)
0.0707421     (-6.77562 1.39803 -0.268058)
0.0708137     (-6.77629 1.39879 -0.267392)
0.0708853     (-6.77693 1.39957 -0.267018)
0.070957      (-6.77754 1.40037 -0.266957)
0.0710286     (-6.77814 1.40117 -0.267211)
0.0711003     (-6.77872 1.40198 -0.267766)
0.0711719     (-6.77929 1.40278 -0.268583)
0.0712435     (-6.77985 1.40359 -0.269614)
0.0713152     (-6.78041 1.40441 -0.2708)
0.0713868     (-6.78098 1.40525 -0.272088)
0.0714585     (-6.78156 1.40612 -0.273458)
0.0715301     (-6.78214 1.40704 -0.274888)
0.0716018     (-6.78273 1.40801 -0.276374)
0.0716734     (-6.7833 1.40903 -0.277923)
0.0717451     (-6.78385 1.4101 -0.279542)
0.0718167     (-6.78435 1.41122 -0.281234)
0.0718884     (-6.78478 1.41238 -0.282988)
0.07196       (-6.78513 1.41359 -0.284791)
0.0720317     (-6.78538 1.41482 -0.286617)
0.0721033     (-6.78555 1.4161 -0.288444)
0.072175      (-6.78561 1.4174 -0.290251)
0.0722466     (-6.78558 1.41874 -0.292026)
0.0723183     (-6.78543 1.42011 -0.293767)
0.07239       (-6.78518 1.42149 -0.295459)
0.0724616     (-6.78484 1.4229 -0.297103)
0.0725333     (-6.78439 1.42431 -0.298695)
0.0726049     (-6.78385 1.42572 -0.300228)
0.0726766     (-6.78323 1.42713 -0.301691)
0.0727483     (-6.78254 1.42853 -0.303074)
0.0728199     (-6.7818 1.42992 -0.304368)
0.0728916     (-6.78102 1.43128 -0.305562)
0.0729632     (-6.78022 1.43261 -0.306651)
0.0730349     (-6.7794 1.43392 -0.307625)
0.0731066     (-6.77858 1.43519 -0.308479)
0.0731782     (-6.77775 1.43642 -0.309207)
0.0732499     (-6.77691 1.43761 -0.309816)
0.0733216     (-6.77608 1.43878 -0.310298)
0.0733932     (-6.77525 1.43991 -0.31064)
0.0734649     (-6.77443 1.44102 -0.31087)
0.0735366     (-6.77362 1.44209 -0.310989)
0.0736082     (-6.77283 1.44314 -0.311002)
0.0736799     (-6.77206 1.44416 -0.310912)
0.0737515     (-6.77132 1.44516 -0.31073)
0.0738232     (-6.77061 1.44613 -0.310461)
0.0738949     (-6.76995 1.44708 -0.310095)
0.0739665     (-6.76932 1.448 -0.309639)
0.0740382     (-6.76875 1.44889 -0.309112)
0.0741098     (-6.76822 1.44974 -0.308517)
0.0741815     (-6.76774 1.45057 -0.307861)
0.0742531     (-6.7673 1.45136 -0.307155)
0.0743248     (-6.76689 1.45215 -0.306415)
0.0743964     (-6.76652 1.4529 -0.305635)
0.0744681     (-6.76619 1.45363 -0.304812)
0.0745397     (-6.76589 1.45432 -0.303955)
0.0746114     (-6.76561 1.455 -0.303075)
0.074683      (-6.76536 1.45565 -0.302179)
0.0747547     (-6.76512 1.45628 -0.301272)
0.0748263     (-6.76491 1.4569 -0.30036)
0.0748979     (-6.76471 1.4575 -0.299447)
0.0749696     (-6.76452 1.45809 -0.298541)
0.0750412     (-6.76435 1.45866 -0.297646)
0.0751128     (-6.7642 1.45922 -0.296769)
0.0751845     (-6.76407 1.45978 -0.295913)
0.0752561     (-6.76395 1.46032 -0.295085)
0.0753277     (-6.76385 1.46085 -0.294291)
0.0753993     (-6.76377 1.46138 -0.293533)
0.075471      (-6.7637 1.46191 -0.292816)
0.0755426     (-6.76364 1.46243 -0.292142)
0.0756142     (-6.7636 1.46295 -0.291512)
0.0756858     (-6.76356 1.46347 -0.290929)
0.0757575     (-6.76354 1.46399 -0.290393)
0.0758291     (-6.76353 1.46451 -0.289907)
0.0759007     (-6.76352 1.46504 -0.289472)
0.0759723     (-6.76351 1.46557 -0.28909)
0.0760439     (-6.76351 1.46612 -0.288763)
0.0761156     (-6.7635 1.46667 -0.288495)
0.0761872     (-6.7635 1.46723 -0.288286)
0.0762588     (-6.76349 1.4678 -0.288137)
0.0763304     (-6.76348 1.4684 -0.28805)
0.0764021     (-6.76346 1.469 -0.288024)
0.0764737     (-6.76344 1.46963 -0.288061)
0.0765453     (-6.76341 1.47029 -0.288162)
0.076617      (-6.76338 1.47096 -0.288327)
0.0766886     (-6.76335 1.47166 -0.288555)
0.0767602     (-6.76331 1.47239 -0.288845)
0.0768319     (-6.76327 1.47314 -0.289196)
0.0769035     (-6.76323 1.47392 -0.289608)
0.0769752     (-6.76319 1.47471 -0.290085)
0.0770468     (-6.76314 1.47553 -0.290629)
0.0771184     (-6.76307 1.47637 -0.291241)
0.0771901     (-6.76299 1.47723 -0.291918)
0.0772617     (-6.76289 1.47809 -0.29266)
0.0773334     (-6.76278 1.47897 -0.293461)
0.0774051     (-6.76265 1.47985 -0.294312)
0.0774767     (-6.76251 1.48073 -0.295207)
0.0775484     (-6.76235 1.48162 -0.296134)
0.07762       (-6.76218 1.4825 -0.297081)
0.0776917     (-6.762 1.48339 -0.298041)
0.0777634     (-6.76179 1.48427 -0.299009)
0.077835      (-6.76157 1.48515 -0.299976)
0.0779067     (-6.76133 1.48602 -0.300935)
0.0779784     (-6.76107 1.48689 -0.301875)
0.07805       (-6.7608 1.48776 -0.302791)
0.0781217     (-6.7605 1.48863 -0.303677)
0.0781934     (-6.7602 1.48949 -0.304528)
0.078265      (-6.75987 1.49034 -0.305339)
0.0783367     (-6.75954 1.49119 -0.306108)
0.0784084     (-6.7592 1.49202 -0.306826)
0.0784801     (-6.75886 1.49284 -0.307491)
0.0785518     (-6.75851 1.49365 -0.308095)
0.0786234     (-6.75815 1.49444 -0.30865)
0.0786951     (-6.75779 1.49523 -0.309151)
0.0787668     (-6.75744 1.49599 -0.30956)
0.0788385     (-6.75708 1.49673 -0.309897)
0.0789102     (-6.75673 1.49745 -0.310166)
0.0789819     (-6.75638 1.49815 -0.310363)
0.0790535     (-6.75603 1.49882 -0.310485)
0.0791252     (-6.75569 1.49947 -0.31053)
0.0791969     (-6.75536 1.50009 -0.310498)
0.0792686     (-6.75505 1.50069 -0.310389)
0.0793403     (-6.75475 1.50125 -0.310202)
0.079412      (-6.75446 1.50179 -0.309939)
0.0794836     (-6.75418 1.50231 -0.309603)
0.0795553     (-6.75393 1.50279 -0.309189)
0.079627      (-6.75369 1.50325 -0.308687)
0.0796987     (-6.75347 1.50367 -0.308112)
0.0797703     (-6.75326 1.50407 -0.307486)
0.079842      (-6.75308 1.50445 -0.306822)
0.0799137     (-6.75292 1.5048 -0.306131)
0.0799854     (-6.75278 1.50513 -0.305404)
0.080057      (-6.75266 1.50544 -0.304641)
0.0801287     (-6.75256 1.50572 -0.303853)
0.0802004     (-6.75249 1.50598 -0.303042)
0.080272      (-6.75244 1.50622 -0.302218)
0.0803437     (-6.75241 1.50644 -0.301389)
0.0804154     (-6.75241 1.50664 -0.300562)
0.080487      (-6.75243 1.50682 -0.299742)
0.0805587     (-6.75247 1.50699 -0.298935)
0.0806304     (-6.75253 1.50714 -0.298147)
0.080702      (-6.75262 1.50728 -0.297384)
0.0807737     (-6.75273 1.5074 -0.29665)
0.0808454     (-6.75286 1.50752 -0.29595)
0.080917      (-6.75302 1.50763 -0.295287)
0.0809887     (-6.75319 1.50773 -0.294669)
0.0810604     (-6.75339 1.50782 -0.2941)
0.081132      (-6.7536 1.50792 -0.293587)
0.0812037     (-6.75382 1.50801 -0.293132)
0.0812753     (-6.75406 1.50811 -0.292738)
0.081347      (-6.75431 1.50821 -0.292408)
0.0814187     (-6.75458 1.50832 -0.292144)
0.0814903     (-6.75485 1.50843 -0.291948)
0.081562      (-6.75513 1.50856 -0.291824)
0.0816336     (-6.75542 1.50869 -0.291773)
0.0817053     (-6.75571 1.50884 -0.291796)
0.081777      (-6.756 1.509 -0.291892)
0.0818486     (-6.75629 1.50917 -0.292059)
0.0819203     (-6.75657 1.50935 -0.292295)
0.081992      (-6.75685 1.50955 -0.292602)
0.0820636     (-6.75711 1.50976 -0.292976)
0.0821353     (-6.75737 1.50999 -0.293417)
0.082207      (-6.75761 1.51024 -0.293921)
0.0822786     (-6.75783 1.5105 -0.294486)
0.0823503     (-6.75804 1.51078 -0.295109)
0.082422      (-6.75823 1.51108 -0.295785)
0.0824937     (-6.75841 1.5114 -0.296511)
0.0825653     (-6.75856 1.51173 -0.297283)
0.082637      (-6.75869 1.51207 -0.298096)
0.0827087     (-6.7588 1.51242 -0.298943)
0.0827804     (-6.75888 1.51279 -0.299821)
0.082852      (-6.75895 1.51317 -0.300723)
0.0829237     (-6.75899 1.51355 -0.301641)
0.0829954     (-6.759 1.51394 -0.302569)
0.0830671     (-6.759 1.51433 -0.3035)
0.0831388     (-6.75898 1.51473 -0.304428)
0.0832105     (-6.75893 1.51513 -0.305342)
0.0832822     (-6.75887 1.51552 -0.306235)
0.0833538     (-6.75879 1.51592 -0.307092)
0.0834255     (-6.7587 1.51632 -0.307953)
0.0834972     (-6.7586 1.51671 -0.308772)
0.0835689     (-6.75849 1.5171 -0.309507)
0.0836406     (-6.75836 1.51749 -0.310198)
0.0837123     (-6.75823 1.51786 -0.310842)
0.083784      (-6.7581 1.51823 -0.311435)
0.0838557     (-6.75796 1.51859 -0.311972)
0.0839274     (-6.75782 1.51894 -0.312449)
0.0839991     (-6.75767 1.51927 -0.312866)
0.0840708     (-6.75754 1.5196 -0.313219)
0.0841425     (-6.7574 1.51991 -0.313505)
0.0842142     (-6.75727 1.5202 -0.313724)
0.0842859     (-6.75715 1.52047 -0.313875)
0.0843576     (-6.75703 1.52072 -0.313959)
0.0844293     (-6.75693 1.52096 -0.313978)
0.084501      (-6.75684 1.52118 -0.313933)
0.0845727     (-6.75676 1.52138 -0.313826)
0.0846444     (-6.7567 1.52156 -0.31366)
0.0847161     (-6.75665 1.52171 -0.313437)
0.0847878     (-6.75663 1.52185 -0.313159)
0.0848595     (-6.75662 1.52195 -0.312826)
0.0849312     (-6.75663 1.52203 -0.312441)
0.0850029     (-6.75666 1.52209 -0.312008)
0.0850746     (-6.75672 1.52212 -0.311529)
0.0851463     (-6.75679 1.52213 -0.311007)
0.085218      (-6.75689 1.52212 -0.310447)
0.0852897     (-6.75701 1.52208 -0.309851)
0.0853614     (-6.75715 1.52203 -0.309224)
0.0854331     (-6.75732 1.52197 -0.308549)
0.0855048     (-6.7575 1.5219 -0.307845)
0.0855764     (-6.75771 1.52181 -0.307126)
0.0856481     (-6.75794 1.5217 -0.306394)
0.0857198     (-6.75819 1.52159 -0.305654)
0.0857915     (-6.75845 1.52146 -0.304912)
0.0858632     (-6.75873 1.52132 -0.304173)
0.0859349     (-6.75903 1.52117 -0.303439)
0.0860066     (-6.75934 1.52101 -0.302715)
0.0860782     (-6.75967 1.52084 -0.302002)
0.0861499     (-6.76001 1.52066 -0.301305)
0.0862216     (-6.76036 1.52047 -0.30063)
0.0862933     (-6.76072 1.52028 -0.299978)
0.086365      (-6.76108 1.52008 -0.299353)
0.0864367     (-6.76145 1.51987 -0.298759)
0.0865083     (-6.76183 1.51967 -0.298196)
0.08658       (-6.76221 1.51946 -0.297667)
0.0866517     (-6.7626 1.51925 -0.297173)
0.0867234     (-6.76298 1.51905 -0.296715)
0.0867951     (-6.76337 1.51884 -0.296294)
0.0868667     (-6.76376 1.51864 -0.295913)
0.0869384     (-6.76414 1.51844 -0.29557)
0.0870101     (-6.76453 1.51824 -0.295267)
0.0870818     (-6.76491 1.51805 -0.295005)
0.0871535     (-6.76528 1.51787 -0.294783)
0.0872252     (-6.76565 1.51769 -0.294596)
0.0872968     (-6.76602 1.51752 -0.294451)
0.0873685     (-6.76637 1.51737 -0.294347)
0.0874402     (-6.76671 1.51722 -0.294281)
0.0875119     (-6.76705 1.51709 -0.294252)
0.0875836     (-6.76737 1.51696 -0.294259)
0.0876553     (-6.76767 1.51685 -0.294299)
0.087727      (-6.76797 1.51674 -0.294369)
0.0877987     (-6.76825 1.51664 -0.294467)
0.0878704     (-6.76851 1.51655 -0.29459)
0.087942      (-6.76877 1.51647 -0.294735)
0.0880137     (-6.76901 1.51639 -0.294899)
0.0880854     (-6.76924 1.51633 -0.295078)
0.0881571     (-6.76945 1.51627 -0.29527)
0.0882288     (-6.76966 1.51622 -0.295472)
0.0883005     (-6.76985 1.51617 -0.295679)
0.0883722     (-6.77003 1.51613 -0.295889)
0.088444      (-6.7702 1.5161 -0.296098)
0.0885157     (-6.77036 1.51607 -0.296304)
0.0885874     (-6.77051 1.51605 -0.296503)
0.0886591     (-6.77065 1.51603 -0.296691)
0.0887308     (-6.77077 1.51602 -0.296865)
0.0888025     (-6.77089 1.516 -0.297021)
0.0888742     (-6.771 1.51599 -0.297157)
0.0889459     (-6.77111 1.51597 -0.29727)
0.0890176     (-6.7712 1.51595 -0.297358)
0.0890893     (-6.77129 1.51594 -0.297419)
0.0891611     (-6.77138 1.51592 -0.297449)
0.0892328     (-6.77146 1.5159 -0.297447)
0.0893045     (-6.77153 1.51587 -0.29741)
0.0893762     (-6.7716 1.51585 -0.297338)
0.0894479     (-6.77167 1.51581 -0.297227)
0.0895196     (-6.77173 1.51577 -0.297078)
0.0895914     (-6.77179 1.51572 -0.29689)
0.0896631     (-6.77185 1.51567 -0.29666)
0.0897348     (-6.77191 1.5156 -0.296388)
0.0898065     (-6.77197 1.51553 -0.296072)
0.0898782     (-6.77203 1.51545 -0.295714)
0.0899499     (-6.77209 1.51536 -0.295313)
0.0900217     (-6.77215 1.51526 -0.29487)
0.0900934     (-6.77221 1.51515 -0.294386)
0.0901651     (-6.77228 1.51503 -0.293863)
0.0902368     (-6.77235 1.5149 -0.293301)
0.0903085     (-6.77243 1.51476 -0.292703)
0.0903802     (-6.77251 1.5146 -0.292071)
0.090452      (-6.7726 1.51443 -0.291409)
0.0905237     (-6.77269 1.51425 -0.290718)
0.0905954     (-6.7728 1.51406 -0.29)
0.0906671     (-6.77292 1.51385 -0.289259)
0.0907388     (-6.77305 1.51363 -0.288498)
0.0908105     (-6.77319 1.5134 -0.287719)
0.0908823     (-6.77334 1.51317 -0.286927)
0.090954      (-6.7735 1.51293 -0.286125)
0.0910257     (-6.77367 1.51268 -0.285314)
0.0910974     (-6.77385 1.51242 -0.284497)
0.0911691     (-6.77404 1.51216 -0.283679)
0.0912408     (-6.77424 1.51189 -0.282862)
0.0913125     (-6.77444 1.51162 -0.282052)
0.0913842     (-6.77466 1.51134 -0.281252)
0.091456      (-6.77488 1.51107 -0.280468)
0.0915277     (-6.7751 1.5108 -0.279701)
0.0915994     (-6.77534 1.51053 -0.278954)
0.0916711     (-6.77557 1.51026 -0.278233)
0.0917428     (-6.77581 1.50999 -0.277542)
0.0918145     (-6.77606 1.50973 -0.276882)
0.0918862     (-6.77631 1.50948 -0.276258)
0.0919579     (-6.77656 1.50923 -0.275671)
0.0920296     (-6.77682 1.50899 -0.275125)
0.0921013     (-6.77707 1.50876 -0.274622)
0.092173      (-6.77733 1.50854 -0.274164)
0.0922448     (-6.77758 1.50833 -0.273754)
0.0923165     (-6.77783 1.50813 -0.273394)
0.0923882     (-6.77807 1.50794 -0.273085)
0.0924599     (-6.77831 1.50776 -0.27283)
0.0925316     (-6.77855 1.50762 -0.272619)
0.0926033     (-6.77877 1.50748 -0.27246)
0.092675      (-6.77898 1.50736 -0.272354)
0.0927468     (-6.77919 1.50726 -0.272301)
0.0928185     (-6.77938 1.50717 -0.272299)
0.0928902     (-6.77957 1.5071 -0.272346)
0.0929619     (-6.77974 1.50705 -0.272441)
0.0930336     (-6.77989 1.50701 -0.272581)
0.0931053     (-6.78004 1.50699 -0.272768)
0.0931771     (-6.78016 1.50699 -0.272998)
0.0932488     (-6.78027 1.507 -0.273267)
0.0933205     (-6.78036 1.50703 -0.273577)
0.0933922     (-6.78044 1.50707 -0.273925)
0.093464      (-6.7805 1.50713 -0.274309)
0.0935357     (-6.78054 1.50721 -0.274727)
0.0936074     (-6.78056 1.5073 -0.275177)
0.0936791     (-6.78057 1.50742 -0.275656)
0.0937509     (-6.78056 1.50754 -0.276161)
0.0938226     (-6.78053 1.50769 -0.276688)
0.0938943     (-6.78049 1.50784 -0.277235)
0.093966      (-6.78043 1.50801 -0.277791)
0.0940378     (-6.78034 1.50818 -0.278357)
0.0941095     (-6.78025 1.50837 -0.278934)
0.0941812     (-6.78014 1.50856 -0.27952)
0.094253      (-6.78001 1.50877 -0.280109)
0.0943247     (-6.77986 1.50899 -0.280701)
0.0943965     (-6.7797 1.50922 -0.281293)
0.0944682     (-6.77953 1.50945 -0.281883)
0.0945399     (-6.77935 1.50969 -0.282468)
0.0946117     (-6.77915 1.50993 -0.283045)
0.0946834     (-6.77894 1.51018 -0.283613)
0.0947552     (-6.77873 1.51043 -0.284169)
0.0948269     (-6.7785 1.51068 -0.284712)
0.0948987     (-6.77826 1.51094 -0.28524)
0.0949704     (-6.77802 1.5112 -0.28575)
0.0950422     (-6.77777 1.51146 -0.286243)
0.0951139     (-6.77752 1.51172 -0.28672)
0.0951856     (-6.77726 1.51198 -0.287181)
0.0952574     (-6.777 1.51224 -0.287626)
0.0953291     (-6.77674 1.51251 -0.288054)
0.0954009     (-6.77647 1.51277 -0.288467)
0.0954726     (-6.77621 1.51303 -0.288867)
0.0955444     (-6.77594 1.5133 -0.289252)
0.0956161     (-6.77567 1.51356 -0.289627)
0.0956878     (-6.77541 1.51382 -0.289992)
0.0957596     (-6.77514 1.51407 -0.29035)
0.0958313     (-6.77488 1.51433 -0.290701)
0.0959031     (-6.77461 1.51459 -0.291049)
0.0959748     (-6.77435 1.51485 -0.291394)
0.0960466     (-6.77409 1.51511 -0.29174)
0.0961183     (-6.77383 1.51537 -0.292089)
0.0961901     (-6.77357 1.51563 -0.292443)
0.0962618     (-6.77331 1.51589 -0.292805)
0.0963335     (-6.77306 1.51615 -0.293178)
0.0964053     (-6.77281 1.51641 -0.293564)
0.096477      (-6.77256 1.51666 -0.293965)
0.0965488     (-6.77231 1.51692 -0.294381)
0.0966205     (-6.77206 1.51717 -0.294817)
0.0966923     (-6.77182 1.51743 -0.295275)
0.096764      (-6.77158 1.51769 -0.295755)
0.0968358     (-6.77135 1.51796 -0.296262)
0.0969075     (-6.77111 1.51824 -0.296795)
0.0969793     (-6.77088 1.51853 -0.297359)
0.097051      (-6.77065 1.51882 -0.297959)
0.0971228     (-6.77042 1.51913 -0.298594)
0.0971945     (-6.77018 1.51944 -0.29927)
0.0972663     (-6.76994 1.51976 -0.299986)
0.097338      (-6.7697 1.52008 -0.300744)
0.0974097     (-6.76946 1.52042 -0.301547)
0.0974815     (-6.76921 1.52077 -0.302398)
0.0975532     (-6.76896 1.52113 -0.303302)
0.097625      (-6.76869 1.5215 -0.304259)
0.0976967     (-6.76842 1.52188 -0.305268)
0.0977685     (-6.76813 1.52227 -0.306332)
0.0978402     (-6.76783 1.52268 -0.307447)
0.097912      (-6.76752 1.52309 -0.308612)
0.0979837     (-6.7672 1.52352 -0.309827)
0.0980555     (-6.76686 1.52397 -0.311047)
0.0981272     (-6.76651 1.52442 -0.312319)
0.098199      (-6.76616 1.52488 -0.313638)
0.0982707     (-6.76579 1.52535 -0.314998)
0.0983425     (-6.76541 1.52583 -0.316403)
0.0984142     (-6.76501 1.52633 -0.317857)
0.098486      (-6.7646 1.52684 -0.319355)
0.0985578     (-6.76416 1.52736 -0.320897)
0.0986295     (-6.76371 1.5279 -0.322483)
0.0987013     (-6.76326 1.52844 -0.324114)
0.0987731     (-6.76279 1.52899 -0.32579)
0.0988448     (-6.7623 1.52955 -0.327508)
0.0989166     (-6.76181 1.53012 -0.329159)
0.0989884     (-6.76132 1.5307 -0.330771)
0.0990602     (-6.7608 1.5313 -0.332451)
0.0991319     (-6.76027 1.5319 -0.334186)
0.0992037     (-6.75973 1.53252 -0.335965)
0.0992755     (-6.75919 1.53314 -0.337779)
0.0993472     (-6.75864 1.53378 -0.339629)
0.099419      (-6.75808 1.53442 -0.341508)
0.0994908     (-6.7575 1.53508 -0.343416)
0.0995625     (-6.75692 1.53574 -0.345351)
0.0996343     (-6.75632 1.53642 -0.347311)
0.0997061     (-6.75571 1.5371 -0.349293)
0.0997779     (-6.75509 1.53778 -0.351291)
0.0998496     (-6.75446 1.53847 -0.353305)
0.0999214     (-6.75381 1.53917 -0.355339)
0.0999932     (-6.75315 1.53987 -0.357393)
