# Probe 0 (0.128 0.01 0.01)
# Time        0            
0             (0 0 0)      
5.01485e-05   (-1.29751 0.025234 -0.328056)
9.88364e-05   (-1.95022 -0.0767045 -0.370687)
0.000153494   (-2.64275 -0.149152 -0.233513)
0.000211504   (-3.20884 -0.135019 0.0127798)
0.000271042   (-3.60048 -0.0597375 0.262034)
0.000332766   (-3.84855 0.0333255 0.470036)
0.000397369   (-4.00177 0.10896 0.623589)
0.000463068   (-4.07736 0.163125 0.732312)
0.000529999   (-4.10827 0.190181 0.795276)
0.000596842   (-4.0704 0.194504 0.861703)
0.000663131   (-3.96317 0.209607 0.867301)
0.000728718   (-3.88173 0.203903 0.822279)
0.000793726   (-3.79986 0.192777 0.78575)
0.000857862   (-3.71907 0.169083 0.74577)
0.00092071    (-3.66946 0.124022 0.703233)
0.000981436   (-3.55036 0.088388 0.70386)
0.0010404     (-3.45365 0.0564334 0.676641)
0.00109904    (-3.35942 0.0595629 0.670344)
0.00115762    (-3.27527 0.0680374 0.630662)
0.00121639    (-3.20228 0.0599491 0.574568)
0.00127541    (-3.13329 0.0345582 0.548495)
0.00133473    (-3.04536 0.0241927 0.551054)
0.00139471    (-2.95976 0.0356865 0.549634)
0.00145547    (-2.86682 0.0353158 0.499098)
0.00151651    (-2.78598 0.0225586 0.458619)
0.00157765    (-2.69865 0.016778 0.448197)
0.00163889    (-2.62008 0.033566 0.429517)
0.00170035    (-2.61084 0.0405547 0.389561)
0.00176225    (-2.58525 0.0469612 0.365081)
0.00182476    (-2.54857 0.0608326 0.336948)
0.00188788    (-2.50102 0.0863627 0.314764)
0.00195155    (-2.47683 0.121572 0.290053)
0.00201569    (-2.47335 0.121334 0.248138)
0.0020802     (-2.44733 0.134069 0.242685)
0.00214501    (-2.42974 0.167157 0.22397)
0.00220997    (-2.42411 0.213881 0.208519)
0.00227509    (-2.42666 0.268478 0.144332)
0.00234044    (-2.46798 0.2879 0.136573)
0.00240613    (-2.44625 0.316518 0.133439)
0.002472      (-2.43089 0.365169 0.108723)
0.00253777    (-2.44468 0.380978 0.0653685)
0.00260334    (-2.49147 0.369887 0.018768)
0.0026687     (-2.55629 0.334135 -0.00663632)
0.00273381    (-2.60229 0.309237 0.0326768)
0.00279846    (-2.63609 0.308887 0.0600531)
0.00286252    (-2.64577 0.284172 0.0806797)
0.0029261     (-2.66631 0.304527 0.0935985)
0.00298957    (-2.68787 0.321619 0.10535)
0.00305332    (-2.71582 0.339385 0.126823)
0.00311751    (-2.76584 0.348414 0.11632)
0.00318189    (-2.80007 0.341849 0.113089)
0.00324617    (-2.86952 0.285936 0.0890332)
0.00331011    (-2.88593 0.245489 0.153099)
0.00337338    (-2.8953 0.230623 0.176246)
0.00343539    (-2.90852 0.230067 0.181086)
0.00349601    (-2.93013 0.228969 0.200872)
0.00355595    (-2.93208 0.259941 0.232076)
0.0036154     (-2.96493 0.292337 0.249737)
0.00367442    (-2.96755 0.378926 0.284621)
0.00373323    (-2.98001 0.513851 0.285735)
0.00379208    (-2.99829 0.669121 0.236265)
0.00385142    (-3.06031 0.835794 0.161856)
0.00391156    (-3.15316 1.0158 0.0343526)
0.00397242    (-3.26554 1.17584 -0.146137)
0.00403432    (-3.43036 1.28461 -0.356106)
0.00409748    (-3.63121 1.35208 -0.557715)
0.00416201    (-3.84627 1.38009 -0.731347)
0.00422792    (-4.0374 1.38684 -0.882159)
0.00429516    (-4.23773 1.35784 -1.01564)
0.00436387    (-4.48087 1.30731 -1.10152)
0.00443393    (-4.82079 1.24695 -1.14588)
0.00450506    (-5.22137 1.16545 -1.1047)
0.00457681    (-5.59438 1.15799 -0.955125)
0.00464908    (-5.9358 1.21176 -0.787914)
0.00472133    (-6.23159 1.3044 -0.624422)
0.00479286    (-6.45448 1.41009 -0.447498)
0.00486402    (-6.62214 1.56257 -0.309283)
0.00493552    (-6.78801 1.69309 -0.214775)
0.00500704    (-6.89207 1.84911 -0.117406)
0.00507685    (-6.96507 1.96657 -0.112179)
0.0051469     (-6.98025 2.05633 -0.134946)
0.00521694    (-6.99829 2.1252 -0.15538)
0.00528693    (-6.99682 2.16589 -0.16978)
0.00535657    (-6.99934 2.17406 -0.208279)
0.00542677    (-6.97084 2.15475 -0.244442)
0.00549668    (-6.96901 2.13289 -0.282921)
0.00556566    (-6.98072 2.0854 -0.313522)
0.00563558    (-6.99826 2.04166 -0.312703)
0.00570647    (-7.01721 1.99227 -0.293579)
0.00577621    (-6.98867 1.99974 -0.311839)
0.00584738    (-6.98522 1.95904 -0.326372)
0.00591781    (-6.99066 1.95996 -0.261789)
0.00598841    (-6.98575 1.96652 -0.258355)
0.0060587     (-6.97742 1.9633 -0.26561)
0.00612932    (-7.00471 1.93711 -0.255369)
0.00620015    (-7.00129 1.95611 -0.220111)
0.00627105    (-6.9934 1.98364 -0.255407)
0.00634208    (-7.03454 1.96562 -0.299698)
0.00641281    (-7.07341 1.96479 -0.328891)
0.00648315    (-7.14012 1.94564 -0.352681)
0.00655325    (-7.21526 1.94968 -0.361951)
0.00662342    (-7.28553 1.98391 -0.397005)
0.00669382    (-7.36851 2.02723 -0.461212)
0.00676458    (-7.4624 2.07409 -0.535)
0.00683583    (-7.54352 2.13264 -0.615789)
0.00690753    (-7.61243 2.20011 -0.718985)
0.00697968    (-7.66399 2.26857 -0.846591)
0.00705205    (-7.70135 2.33602 -0.998769)
0.00712444    (-7.71474 2.4019 -1.17038)
0.00719731    (-7.7204 2.45758 -1.35253)
0.00726974    (-7.71235 2.50278 -1.52872)
0.00734267    (-7.69063 2.53907 -1.68844)
0.00741602    (-7.64833 2.56545 -1.82468)
0.00748932    (-7.60431 2.5789 -1.93506)
0.00756317    (-7.55968 2.57678 -2.01022)
0.00763717    (-7.51461 2.56181 -2.04895)
0.00770994    (-7.46307 2.53842 -2.05281)
0.00778247    (-7.40433 2.50815 -2.03389)
0.00785624    (-7.34789 2.4735 -2.0006)
0.0079299     (-7.30137 2.43682 -1.95802)
0.00800396    (-7.2661 2.39597 -1.90428)
0.00807835    (-7.22824 2.35058 -1.84483)
0.00815276    (-7.19648 2.29025 -1.78996)
0.00822691    (-7.18637 2.21005 -1.74278)
0.00830088    (-7.19986 2.10497 -1.69417)
0.00837444    (-7.2383 1.97966 -1.64016)
0.00844749    (-7.31116 1.84109 -1.57515)
0.00851999    (-7.41437 1.70367 -1.49422)
0.00859297    (-7.55772 1.58298 -1.39843)
0.0086664     (-7.73278 1.49609 -1.28965)
0.00874026    (-7.93092 1.46216 -1.18336)
0.00881431    (-8.13443 1.48642 -1.10061)
0.00888842    (-8.34059 1.56403 -1.05907)
0.00896266    (-8.52848 1.68805 -1.06222)
0.00903711    (-8.67696 1.84926 -1.11227)
0.00911137    (-8.77948 2.03008 -1.2053)
0.00918537    (-8.82945 2.20495 -1.32883)
0.00925929    (-8.83583 2.3571 -1.46871)
0.00933337    (-8.80093 2.46415 -1.60563)
0.00940688    (-8.74077 2.52597 -1.73147)
0.00948021    (-8.65869 2.53691 -1.83299)
0.00955332    (-8.56053 2.50377 -1.90703)
0.00962677    (-8.45537 2.43775 -1.95532)
0.00970037    (-8.34903 2.3508 -1.97855)
0.00977381    (-8.24992 2.25597 -1.98253)
0.00984747    (-8.1471 2.16741 -1.96874)
0.00992117    (-8.05895 2.09355 -1.95772)
0.00999466    (-7.98112 2.03887 -1.94539)
0.0100681     (-7.90747 2.0076 -1.94354)
0.0101411     (-7.83532 1.99739 -1.9599)
0.0102145     (-7.7613 2.00969 -1.99543)
0.0102878     (-7.6849 2.04261 -2.05291)
0.0103611     (-7.6007 2.08947 -2.12703)
0.0104344     (-7.50327 2.15153 -2.22168)
0.0105075     (-7.40143 2.22192 -2.33676)
0.0105813     (-7.30126 2.29646 -2.47033)
0.0106544     (-7.20374 2.36341 -2.60899)
0.0107279     (-7.10591 2.42805 -2.74493)
0.0108013     (-7.02239 2.4856 -2.88531)
0.0108746     (-6.93383 2.53346 -3.01249)
0.0109475     (-6.85123 2.56918 -3.13038)
0.0110209     (-6.77639 2.60008 -3.24159)
0.0110942     (-6.71722 2.62628 -3.34237)
0.0111673     (-6.66944 2.65198 -3.43025)
0.01124       (-6.62985 2.67006 -3.5044)
0.0113134     (-6.59557 2.68576 -3.56398)
0.0113865     (-6.57586 2.69674 -3.6137)
0.0114601     (-6.57243 2.70335 -3.65172)
0.0115332     (-6.58697 2.705 -3.67979)
0.0116074     (-6.61408 2.70142 -3.69727)
0.0116819     (-6.64922 2.69565 -3.71009)
0.0117561     (-6.69158 2.68829 -3.72332)
0.0118306     (-6.74374 2.67895 -3.73857)
0.011905      (-6.80324 2.6737 -3.7581)
0.0119801     (-6.86778 2.67523 -3.78051)
0.012055      (-6.93009 2.6853 -3.80566)
0.0121301     (-6.98528 2.70305 -3.83581)
0.0122056     (-7.02969 2.72407 -3.87353)
0.0122808     (-7.06131 2.74205 -3.91886)
0.0123561     (-7.08209 2.75495 -3.97443)
0.0124318     (-7.09773 2.75691 -4.03996)
0.0125079     (-7.11074 2.74582 -4.11591)
0.0125842     (-7.12533 2.72026 -4.20322)
0.0126608     (-7.14675 2.68157 -4.30265)
0.0127378     (-7.17728 2.63457 -4.41226)
0.0128151     (-7.21524 2.58842 -4.5292)
0.0128926     (-7.2559 2.55422 -4.65142)
0.0129702     (-7.29304 2.54234 -4.77663)
0.0130481     (-7.319 2.55946 -4.90153)
0.0131256     (-7.32612 2.60537 -5.02042)
0.0132032     (-7.30927 2.67569 -5.1287)
0.0132802     (-7.26748 2.76179 -5.21953)
0.0133567     (-7.2039 2.85174 -5.28651)
0.0134329     (-7.12511 2.93441 -5.32455)
0.0135088     (-7.0406 3.00054 -5.33147)
0.0135841     (-6.95751 3.04285 -5.30581)
0.0136592     (-6.87966 3.05889 -5.25138)
0.0137337     (-6.81083 3.04847 -5.17206)
0.013808      (-6.75193 3.01477 -5.07174)
0.0138823     (-6.70363 2.96228 -4.95558)
0.0139567     (-6.66623 2.89622 -4.82579)
0.0140309     (-6.64152 2.82412 -4.6843)
0.0141051     (-6.63136 2.75235 -4.53182)
0.0141794     (-6.63577 2.68672 -4.36982)
0.0142537     (-6.65289 2.63178 -4.20053)
0.0143281     (-6.67888 2.59015 -4.02654)
0.0144026     (-6.71221 2.56188 -3.85119)
0.0144772     (-6.75151 2.54586 -3.67612)
0.0145519     (-6.79938 2.53881 -3.50363)
0.0146267     (-6.85537 2.53726 -3.33249)
0.0147016     (-6.91766 2.53893 -3.16074)
0.0147767     (-6.98537 2.54203 -2.98893)
0.0148518     (-7.05781 2.54361 -2.81664)
0.0149265     (-7.13235 2.54396 -2.64606)
0.0150015     (-7.20938 2.54193 -2.47522)
0.0150765     (-7.28865 2.5374 -2.30535)
0.0151515     (-7.37011 2.53026 -2.13682)
0.0152263     (-7.45392 2.52107 -1.97038)
0.0153011     (-7.54026 2.50987 -1.8078)
0.0153758     (-7.62788 2.49664 -1.65104)
0.0154504     (-7.71501 2.48291 -1.5019)
0.0155249     (-7.80073 2.46903 -1.36157)
0.0155992     (-7.88311 2.45503 -1.23184)
0.0156735     (-7.95953 2.44111 -1.1147)
0.0157477     (-8.03325 2.42528 -1.01234)
0.0158218     (-8.10308 2.40897 -0.924954)
0.0158958     (-8.16825 2.39279 -0.855249)
0.0159697     (-8.22949 2.37608 -0.800745)
0.0160435     (-8.2858 2.3599 -0.761659)
0.0161173     (-8.33668 2.34588 -0.737627)
0.016191      (-8.38215 2.33296 -0.726253)
0.0162646     (-8.42107 2.32139 -0.725293)
0.0163382     (-8.45386 2.31041 -0.733195)
0.0164117     (-8.48413 2.29839 -0.748129)
0.0164854     (-8.51141 2.28486 -0.765358)
0.0165593     (-8.53401 2.26961 -0.783244)
0.0166327     (-8.55162 2.25276 -0.800984)
0.0167059     (-8.56433 2.23379 -0.818271)
0.0167793     (-8.57563 2.21341 -0.835527)
0.0168531     (-8.58443 2.19123 -0.8526)
0.016927      (-8.59195 2.16739 -0.86969)
0.017001      (-8.59953 2.14218 -0.886655)
0.0170751     (-8.60567 2.11674 -0.903259)
0.0171493     (-8.61065 2.09309 -0.921077)
0.0172236     (-8.61392 2.07065 -0.94021)
0.0172979     (-8.61497 2.04984 -0.960835)
0.0173723     (-8.61372 2.03113 -0.982207)
0.0174467     (-8.61008 2.01487 -1.00211)
0.0175212     (-8.60536 2.00024 -1.02049)
0.0175957     (-8.60013 1.98553 -1.03601)
0.0176702     (-8.59434 1.96957 -1.04697)
0.0177448     (-8.58745 1.95161 -1.05183)
0.0178194     (-8.57916 1.93099 -1.05005)
0.017894      (-8.56975 1.90749 -1.04219)
0.0179686     (-8.55944 1.88057 -1.0297)
0.0180431     (-8.54827 1.84977 -1.01407)
0.0181177     (-8.53541 1.81555 -0.996395)
0.0181922     (-8.52115 1.77797 -0.978407)
0.0182665     (-8.50636 1.73885 -0.964407)
0.0183409     (-8.4924 1.69876 -0.954134)
0.0184153     (-8.47785 1.65863 -0.947898)
0.0184896     (-8.46075 1.61864 -0.944819)
0.0185639     (-8.44291 1.58083 -0.94464)
0.0186381     (-8.423 1.54507 -0.946711)
0.0187114     (-8.40008 1.51177 -0.952782)
0.0187851     (-8.37924 1.4799 -0.960993)
0.018859      (-8.35779 1.45009 -0.966779)
0.0189329     (-8.33453 1.42302 -0.969792)
0.0190068     (-8.30937 1.39787 -0.970433)
0.0190805     (-8.28284 1.37374 -0.968544)
0.0191542     (-8.25529 1.34983 -0.964381)
0.0192278     (-8.22687 1.32583 -0.957402)
0.0193013     (-8.19742 1.30171 -0.947629)
0.0193748     (-8.16725 1.2774 -0.93574)
0.0194482     (-8.13619 1.25213 -0.921627)
0.0195214     (-8.10499 1.22568 -0.90554)
0.0195945     (-8.07422 1.19831 -0.887127)
0.0196677     (-8.04447 1.17033 -0.866198)
0.0197407     (-8.01624 1.14146 -0.842736)
0.0198138     (-7.98965 1.11221 -0.816473)
0.0198868     (-7.9648 1.08343 -0.787492)
0.0199597     (-7.94148 1.05469 -0.756523)
0.0200326     (-7.91965 1.02498 -0.723713)
0.0201054     (-7.89954 0.995044 -0.689503)
0.0201782     (-7.8808 0.965125 -0.654731)
0.020251      (-7.86237 0.935553 -0.619874)
0.0203237     (-7.84468 0.906898 -0.585486)
0.0203962     (-7.82714 0.87908 -0.551897)
0.0204688     (-7.81001 0.851887 -0.519529)
0.0205414     (-7.79475 0.826185 -0.487454)
0.0206139     (-7.77941 0.801031 -0.456519)
0.0206864     (-7.76631 0.775937 -0.428404)
0.0207588     (-7.75414 0.751272 -0.399651)
0.0208313     (-7.74144 0.728852 -0.372275)
0.0209037     (-7.72776 0.707339 -0.346761)
0.0209761     (-7.71317 0.686326 -0.321574)
0.0210484     (-7.69911 0.66572 -0.29805)
0.0211208     (-7.68509 0.645206 -0.276374)
0.021193      (-7.66925 0.625811 -0.256681)
0.0212653     (-7.65387 0.606138 -0.238788)
0.0213374     (-7.64014 0.587361 -0.223791)
0.0214096     (-7.62765 0.56925 -0.210709)
0.0214817     (-7.61472 0.552669 -0.199494)
0.0215538     (-7.60163 0.536182 -0.190167)
0.0216248     (-7.58915 0.521057 -0.183132)
0.021696      (-7.57662 0.506566 -0.177678)
0.0217677     (-7.56378 0.492479 -0.173655)
0.0218395     (-7.55054 0.479402 -0.170809)
0.0219107     (-7.53697 0.467592 -0.16936)
0.0219824     (-7.52254 0.457005 -0.169452)
0.0220538     (-7.50808 0.446934 -0.170745)
0.0221255     (-7.49366 0.437457 -0.173088)
0.0221973     (-7.47977 0.428745 -0.176547)
0.0222693     (-7.46641 0.420995 -0.181093)
0.0223414     (-7.45281 0.41426 -0.186911)
0.0224137     (-7.43859 0.408224 -0.194131)
0.022486      (-7.42442 0.402498 -0.202694)
0.0225584     (-7.41042 0.397213 -0.212265)
0.0226308     (-7.39653 0.392263 -0.2231)
0.0227032     (-7.3825 0.387207 -0.234964)
0.0227758     (-7.36835 0.382325 -0.247506)
0.0228484     (-7.3544 0.378002 -0.260824)
0.022921      (-7.34058 0.374372 -0.274743)
0.0229937     (-7.32634 0.371722 -0.289655)
0.0230665     (-7.31164 0.369707 -0.305687)
0.0231393     (-7.2967 0.368459 -0.322051)
0.0232122     (-7.28166 0.367668 -0.338293)
0.0232851     (-7.26786 0.367142 -0.354911)
0.0233581     (-7.25379 0.367431 -0.371273)
0.0234311     (-7.23872 0.368905 -0.387639)
0.023504      (-7.22293 0.370042 -0.404541)
0.0235765     (-7.20692 0.371457 -0.420962)
0.0236491     (-7.19048 0.37371 -0.437111)
0.0237219     (-7.17326 0.37614 -0.453239)
0.0237948     (-7.1562 0.379277 -0.469209)
0.0238678     (-7.13884 0.382758 -0.484775)
0.0239408     (-7.12113 0.386566 -0.500321)
0.0240139     (-7.10459 0.390008 -0.515475)
0.024087      (-7.08948 0.392815 -0.529409)
0.0241601     (-7.07893 0.394615 -0.545462)
0.0242332     (-7.07051 0.396999 -0.553176)
0.0243062     (-7.05244 0.399313 -0.558537)
0.0243793     (-7.03484 0.400106 -0.563312)
0.0244516     (-7.01759 0.403365 -0.565452)
0.0245241     (-6.99727 0.407969 -0.56746)
0.0245969     (-6.97804 0.413481 -0.571498)
0.0246695     (-6.96307 0.417529 -0.575814)
0.0247419     (-6.95082 0.420481 -0.578026)
0.0248144     (-6.94276 0.42174 -0.579245)
0.0248868     (-6.93839 0.420964 -0.576788)
0.0249593     (-6.93512 0.419157 -0.570681)
0.0250318     (-6.93247 0.416031 -0.562031)
0.0251043     (-6.92998 0.411785 -0.549216)
0.0251769     (-6.92661 0.40797 -0.532269)
0.0252494     (-6.92144 0.4052 -0.512455)
0.0253218     (-6.91465 0.403608 -0.490867)
0.0253933     (-6.90618 0.403086 -0.469524)
0.0254651     (-6.89735 0.402788 -0.448625)
0.0255373     (-6.88885 0.402652 -0.428134)
0.0256094     (-6.88166 0.402445 -0.408564)
0.0256815     (-6.8765 0.401455 -0.390595)
0.0257536     (-6.87498 0.399598 -0.373415)
0.0258258     (-6.87627 0.397172 -0.356198)
0.0258979     (-6.87958 0.394436 -0.339574)
0.0259701     (-6.88568 0.391252 -0.32318)
0.0260421     (-6.89325 0.388855 -0.305729)
0.0261141     (-6.90311 0.38644 -0.288696)
0.0261859     (-6.90967 0.384591 -0.269848)
0.0262577     (-6.91488 0.383213 -0.253215)
0.0263299     (-6.91902 0.381824 -0.238552)
0.0264018     (-6.92637 0.380659 -0.226184)
0.0264738     (-6.93562 0.379029 -0.213696)
0.0265454     (-6.94218 0.377755 -0.202258)
0.0266174     (-6.94733 0.376946 -0.192809)
0.0266892     (-6.9527 0.376787 -0.186328)
0.0267612     (-6.96221 0.374202 -0.182683)
0.0268327     (-6.9771 0.369262 -0.181222)
0.0269042     (-6.99458 0.360892 -0.177849)
0.026976      (-7.01067 0.35282 -0.16866)
0.0270472     (-7.01992 0.347483 -0.159598)
0.0271188     (-7.02521 0.344615 -0.148088)
0.0271905     (-7.0282 0.346431 -0.13897)
0.0272623     (-7.03003 0.348458 -0.134482)
0.0273342     (-7.03305 0.348678 -0.133286)
0.0274063     (-7.03494 0.347717 -0.132344)
0.0274779     (-7.03745 0.346165 -0.131698)
0.0275497     (-7.04023 0.345686 -0.131367)
0.0276215     (-7.04243 0.346356 -0.132265)
0.0276935     (-7.04467 0.347785 -0.134931)
0.0277655     (-7.04789 0.349401 -0.139211)
0.0278375     (-7.05209 0.350626 -0.144442)
0.0279097     (-7.05682 0.351599 -0.150055)
0.0279819     (-7.06112 0.352663 -0.155267)
0.0280542     (-7.0637 0.354746 -0.159757)
0.0281265     (-7.06374 0.358329 -0.164005)
0.0281988     (-7.06139 0.363214 -0.168982)
0.0282712     (-7.05762 0.369059 -0.175482)
0.0283436     (-7.05368 0.375275 -0.183877)
0.0284161     (-7.05024 0.381215 -0.194116)
0.0284886     (-7.04956 0.386089 -0.206798)
0.0285611     (-7.04715 0.391687 -0.217271)
0.0286337     (-7.04199 0.398046 -0.226981)
0.0287059     (-7.03329 0.407298 -0.23817)
0.0287778     (-7.01779 0.420481 -0.250582)
0.02885       (-6.99862 0.435629 -0.266688)
0.0289216     (-6.98651 0.448904 -0.292322)
0.0289932     (-6.98144 0.462403 -0.320792)
0.0290647     (-6.99709 0.470046 -0.360748)
0.0291356     (-7.02776 0.468826 -0.393319)
0.0292062     (-7.06975 0.460982 -0.425339)
0.0292767     (-7.112 0.45315 -0.432423)
0.0293474     (-7.13468 0.453769 -0.431041)
0.0294193     (-7.1371 0.459078 -0.429346)
0.0294905     (-7.13355 0.462555 -0.426667)
0.0295611     (-7.12702 0.469167 -0.42426)
0.0296316     (-7.1116 0.479861 -0.429502)
0.0297023     (-7.1004 0.483678 -0.440876)
0.0297729     (-7.0929 0.487542 -0.450683)
0.0298441     (-7.08725 0.493162 -0.458728)
0.029915      (-7.08009 0.49849 -0.465774)
0.0299858     (-7.07175 0.503134 -0.471151)
0.0300572     (-7.06274 0.506565 -0.474202)
0.0301281     (-7.0513 0.511772 -0.476486)
0.0301999     (-7.04142 0.517864 -0.476536)
0.0302705     (-7.02116 0.524676 -0.476789)
0.030341      (-7.00908 0.530697 -0.483696)
0.0304117     (-7.002 0.535415 -0.487665)
0.0304825     (-6.99912 0.538674 -0.48934)
0.0305533     (-6.99924 0.539395 -0.488131)
0.0306242     (-7.00115 0.540314 -0.482864)
0.0306957     (-6.9953 0.540351 -0.470781)
0.0307664     (-6.98868 0.544612 -0.460698)
0.0308374     (-6.98134 0.546753 -0.450648)
0.0309083     (-6.97484 0.550211 -0.439815)
0.0309792     (-6.96489 0.556632 -0.427612)
0.0310508     (-6.95008 0.561475 -0.41479)
0.0311214     (-6.93934 0.56811 -0.407882)
0.0311914     (-6.93104 0.572786 -0.401408)
0.0312618     (-6.93014 0.575837 -0.396656)
0.0313323     (-6.93514 0.575383 -0.391323)
0.0314034     (-6.93257 0.575034 -0.378829)
0.0314739     (-6.9284 0.576297 -0.371399)
0.0315455     (-6.93465 0.573852 -0.372907)
0.031616      (-6.94604 0.572942 -0.363406)
0.0316863     (-6.95058 0.576818 -0.353426)
0.0317567     (-6.96056 0.577997 -0.34751)
0.0318282     (-6.97683 0.574761 -0.341611)
0.0318979     (-6.98551 0.572943 -0.328722)
0.0319682     (-6.99795 0.570293 -0.322387)
0.032039      (-7.00798 0.571243 -0.309664)
0.0321088     (-7.016 0.570319 -0.299516)
0.032179      (-7.0222 0.568467 -0.287469)
0.0322493     (-7.02787 0.569141 -0.276019)
0.0323204     (-7.03306 0.569582 -0.265314)
0.0323913     (-7.03783 0.568871 -0.25601)
0.0324625     (-7.04201 0.56757 -0.245926)
0.0325333     (-7.04278 0.567377 -0.236123)
0.0326043     (-7.04333 0.567608 -0.227733)
0.0326746     (-7.04126 0.570282 -0.217925)
0.0327458     (-7.03292 0.575295 -0.208397)
0.0328176     (-7.02053 0.581647 -0.203341)
0.032889      (-7.01343 0.588275 -0.203503)
0.0329604     (-7.00631 0.596603 -0.202972)
0.0330322     (-6.99734 0.606244 -0.205027)
0.0331047     (-6.98675 0.615366 -0.207746)
0.0331769     (-6.97595 0.624246 -0.211528)
0.0332492     (-6.96498 0.632886 -0.216756)
0.0333221     (-6.95766 0.641414 -0.224077)
0.0333927     (-6.95015 0.650149 -0.230507)
0.0334643     (-6.94208 0.660328 -0.236104)
0.0335363     (-6.93591 0.671948 -0.244954)
0.0336087     (-6.93452 0.683606 -0.25619)
0.0336812     (-6.94141 0.693651 -0.269659)
0.0337523     (-6.93846 0.705777 -0.27712)
0.0338239     (-6.93645 0.719165 -0.290162)
0.0338958     (-6.94252 0.728881 -0.30746)
0.0339681     (-6.95623 0.733554 -0.322416)
0.0340406     (-6.97327 0.73696 -0.332363)
0.0341129     (-6.98742 0.741713 -0.337248)
0.0341851     (-6.99706 0.748392 -0.341528)
0.034256      (-7.00295 0.755228 -0.345672)
0.0343283     (-7.00504 0.762999 -0.348826)
0.0344001     (-7.0031 0.773077 -0.353632)
0.0344722     (-6.99958 0.783443 -0.360409)
0.0345444     (-6.99569 0.793844 -0.368603)
0.0346166     (-6.99124 0.80372 -0.377789)
0.0346879     (-6.9873 0.81343 -0.387112)
0.0347598     (-6.98277 0.823798 -0.39575)
0.0348321     (-6.97662 0.833002 -0.404349)
0.0349036     (-6.97006 0.843326 -0.412006)
0.0349755     (-6.95703 0.857602 -0.418526)
0.035047      (-6.94911 0.869642 -0.432547)
0.0351178     (-6.94353 0.879424 -0.446689)
0.0351899     (-6.94307 0.888947 -0.463463)
0.0352617     (-6.95434 0.894416 -0.485787)
0.0353329     (-6.96841 0.895964 -0.503646)
0.0354043     (-6.99147 0.893725 -0.520383)
0.0354747     (-7.01241 0.888975 -0.52237)
0.0355462     (-7.02194 0.889676 -0.516215)
0.0356175     (-7.02687 0.896191 -0.51317)
0.0356894     (-7.02781 0.898271 -0.509119)
0.0357608     (-7.02739 0.904913 -0.510081)
0.0358322     (-7.03268 0.908532 -0.511055)
0.0359035     (-7.04185 0.909531 -0.51364)
0.0359749     (-7.05552 0.905107 -0.5134)
0.0360465     (-7.0813 0.893066 -0.51131)
0.0361181     (-7.08905 0.892497 -0.49867)
0.0361898     (-7.09532 0.889995 -0.490074)
0.0362617     (-7.09785 0.883753 -0.473856)
0.0363339     (-7.09761 0.883017 -0.452547)
0.0364063     (-7.09151 0.884722 -0.433356)
0.0364789     (-7.07839 0.89117 -0.41301)
0.0365517     (-7.05496 0.899376 -0.397376)
0.0366245     (-7.02792 0.90607 -0.387449)
0.0366973     (-6.99934 0.908322 -0.381356)
0.03677       (-6.97631 0.909963 -0.377353)
0.0368428     (-6.95699 0.914334 -0.373956)
0.0369157     (-6.94088 0.919997 -0.372965)
0.0369886     (-6.92909 0.925137 -0.373844)
0.0370615     (-6.92305 0.928158 -0.375585)
0.0371343     (-6.92245 0.930259 -0.3759)
0.0372073     (-6.92519 0.933527 -0.375394)
0.0372801     (-6.93125 0.935368 -0.376087)
0.0373527     (-6.93896 0.934551 -0.374665)
0.0374252     (-6.94505 0.933863 -0.369809)
0.037498      (-6.95135 0.935073 -0.364029)
0.0375708     (-6.95065 0.937863 -0.355708)
0.0376429     (-6.94669 0.944043 -0.350232)
0.0377146     (-6.94461 0.951193 -0.351371)
0.0377863     (-6.94552 0.954239 -0.353998)
0.0378575     (-6.95368 0.957543 -0.359298)
0.037929      (-6.96633 0.959059 -0.365118)
0.0380008     (-6.98232 0.958656 -0.369455)
0.0380727     (-7.00251 0.956317 -0.372203)
0.0381443     (-7.02352 0.950731 -0.371101)
0.0382158     (-7.03709 0.947042 -0.366572)
0.038288      (-7.04977 0.945196 -0.365266)
0.0383589     (-7.05929 0.942979 -0.359178)
0.0384302     (-7.06412 0.945472 -0.352686)
0.0385012     (-7.06305 0.950619 -0.349638)
0.0385728     (-7.06142 0.956057 -0.350436)
0.0386433     (-7.05989 0.960871 -0.354018)
0.0387147     (-7.05981 0.964737 -0.360523)
0.0387866     (-7.06315 0.967187 -0.368906)
0.0388587     (-7.0663 0.967684 -0.375919)
0.0389308     (-7.07104 0.967282 -0.381921)
0.0390025     (-7.0729 0.968034 -0.384768)
0.0390744     (-7.06983 0.970046 -0.384077)
0.0391455     (-7.05998 0.977076 -0.384975)
0.0392175     (-7.04881 0.98676 -0.390008)
0.0392898     (-7.03881 0.998642 -0.398019)
0.0393616     (-7.0301 1.00754 -0.405964)
0.0394337     (-7.0204 1.0166 -0.417034)
0.0395059     (-7.01983 1.0234 -0.434872)
0.0395783     (-7.03041 1.02264 -0.454802)
0.0396509     (-7.05247 1.02228 -0.464756)
0.0397238     (-7.06582 1.02082 -0.472091)
0.0397964     (-7.07124 1.02398 -0.465634)
0.0398691     (-7.06031 1.03147 -0.464884)
0.0399416     (-7.0528 1.03606 -0.462599)
0.0400129     (-7.04249 1.04665 -0.460715)
0.0400849     (-7.03613 1.05829 -0.463874)
0.0401573     (-7.02888 1.07167 -0.46778)
0.04023       (-7.02553 1.07845 -0.478549)
0.0403024     (-7.02676 1.07337 -0.486133)
0.0403751     (-7.02695 1.07037 -0.482959)
0.0404478     (-7.02538 1.0737 -0.480487)
0.0405202     (-7.01557 1.07739 -0.475919)
0.0405928     (-7.00341 1.08125 -0.471705)
0.0406643     (-6.98742 1.08746 -0.468325)
0.0407366     (-6.96868 1.0957 -0.467319)
0.0408084     (-6.94916 1.10527 -0.47095)
0.0408789     (-6.94154 1.10858 -0.484485)
0.0409497     (-6.93796 1.1087 -0.487632)
0.0410204     (-6.9352 1.11186 -0.492063)
0.0410913     (-6.93087 1.11967 -0.495174)
0.0411623     (-6.92418 1.11825 -0.497939)
0.0412336     (-6.9249 1.10579 -0.505229)
0.041305      (-6.93738 1.10527 -0.498716)
0.0413767     (-6.94485 1.105 -0.487066)
0.041449      (-6.94194 1.10003 -0.474258)
0.0415209     (-6.93982 1.10016 -0.467413)
0.0415929     (-6.9315 1.10197 -0.458244)
0.0416652     (-6.91746 1.10522 -0.448208)
0.0417372     (-6.90101 1.10997 -0.441867)
0.0418096     (-6.88181 1.1167 -0.438048)
0.0418804     (-6.86936 1.12472 -0.442366)
0.0419519     (-6.8694 1.12904 -0.450303)
0.0420237     (-6.88157 1.12941 -0.460114)
0.0420954     (-6.8974 1.12142 -0.465087)
0.0421672     (-6.9172 1.11529 -0.465604)
0.042239      (-6.93558 1.10287 -0.461475)
0.0423108     (-6.94687 1.0948 -0.449451)
0.0423823     (-6.95918 1.09084 -0.439769)
0.0424539     (-6.96148 1.08668 -0.430327)
0.0425265     (-6.96197 1.0887 -0.416295)
0.0425977     (-6.96306 1.08928 -0.413191)
0.0426689     (-6.95989 1.08085 -0.404929)
0.0427397     (-6.96439 1.08855 -0.408818)
0.0428105     (-6.96422 1.09908 -0.414367)
0.0428813     (-6.9602 1.10158 -0.424382)
0.0429508     (-6.97656 1.09607 -0.442962)
0.0430208     (-7.00201 1.08044 -0.454823)
0.0430902     (-7.04514 1.07699 -0.450213)
0.0431598     (-7.07463 1.0705 -0.453452)
0.0432299     (-7.09607 1.06233 -0.447784)
0.0433002     (-7.12617 1.04825 -0.433185)
0.0433703     (-7.14319 1.0497 -0.412528)
0.0434403     (-7.13644 1.06349 -0.400745)
0.0435113     (-7.12501 1.06376 -0.398911)
0.043582      (-7.12903 1.05067 -0.392151)
0.0436529     (-7.1387 1.03999 -0.381996)
0.0437241     (-7.14435 1.03326 -0.370585)
0.0437958     (-7.14285 1.02986 -0.358393)
0.0438678     (-7.13501 1.02844 -0.345969)
0.0439382     (-7.12176 1.02885 -0.332113)
0.0440094     (-7.09693 1.03382 -0.317394)
0.0440806     (-7.06462 1.0433 -0.307354)
0.0441525     (-7.02888 1.0579 -0.305268)
0.0442241     (-6.99828 1.07371 -0.31549)
0.0442956     (-6.97841 1.08642 -0.331582)
0.0443679     (-6.969 1.09387 -0.348326)
0.0444386     (-6.96322 1.09868 -0.363569)
0.0445091     (-6.96038 1.10176 -0.37962)
0.0445801     (-6.96965 1.10549 -0.400274)
0.044651      (-6.97898 1.102 -0.412605)
0.0447225     (-6.99995 1.09698 -0.425895)
0.0447952     (-7.01545 1.09636 -0.426799)
0.0448669     (-7.03195 1.10073 -0.450313)
0.0449389     (-7.05888 1.09799 -0.459592)
0.04501       (-7.0791 1.09831 -0.463404)
0.0450825     (-7.09301 1.09995 -0.471566)
0.0451548     (-7.09822 1.09728 -0.459748)
0.0452259     (-7.09886 1.09993 -0.466318)
0.0452972     (-7.11053 1.10961 -0.465137)
0.0453688     (-7.09626 1.12252 -0.465712)
0.0454409     (-7.06591 1.12821 -0.46647)
0.0455138     (-7.05458 1.12655 -0.472183)
0.0455858     (-7.06501 1.12481 -0.476317)
0.0456581     (-7.07127 1.12686 -0.480637)
0.0457304     (-7.06997 1.13008 -0.476)
0.0458028     (-7.05896 1.13465 -0.471743)
0.0458752     (-7.04476 1.13234 -0.466646)
0.0459474     (-7.03202 1.13924 -0.459159)
0.046019      (-7.01617 1.14728 -0.455958)
0.0460912     (-6.99811 1.1526 -0.453562)
0.0461637     (-6.98571 1.15416 -0.454257)
0.0462361     (-6.96971 1.15666 -0.444844)
0.0463083     (-6.95061 1.16516 -0.446152)
0.0463807     (-6.9448 1.16724 -0.450887)
0.046453      (-6.94304 1.17009 -0.452991)
0.0465257     (-6.93921 1.17071 -0.455214)
0.0465979     (-6.93811 1.16838 -0.452086)
0.0466693     (-6.93554 1.17703 -0.442776)
0.046741      (-6.92848 1.18169 -0.442128)
0.046813      (-6.92623 1.18036 -0.444233)
0.0468844     (-6.92595 1.17947 -0.437965)
0.0469561     (-6.93218 1.17913 -0.431512)
0.0470281     (-6.93864 1.17647 -0.430706)
0.0471003     (-6.95365 1.17257 -0.426099)
0.0471724     (-6.96133 1.16733 -0.417829)
0.0472442     (-6.95741 1.17457 -0.404685)
0.0473165     (-6.95303 1.18319 -0.401032)
0.047389      (-6.95651 1.18219 -0.402668)
0.0474617     (-6.96294 1.18221 -0.398266)
0.0475342     (-6.96048 1.18072 -0.395014)
0.0476066     (-6.96082 1.17621 -0.393054)
0.0476788     (-6.96192 1.17044 -0.388518)
0.0477511     (-6.96154 1.16663 -0.382935)
0.0478238     (-6.96104 1.16533 -0.377664)
0.0478966     (-6.95815 1.16491 -0.373142)
0.0479693     (-6.95403 1.16497 -0.369856)
0.048042      (-6.94973 1.16537 -0.367068)
0.0481142     (-6.9445 1.16707 -0.364883)
0.0481857     (-6.93985 1.16886 -0.364352)
0.0482573     (-6.9372 1.17054 -0.364859)
0.0483285     (-6.9355 1.1722 -0.365643)
0.0484003     (-6.93445 1.17358 -0.366609)
0.0484716     (-6.93408 1.17495 -0.367366)
0.0485434     (-6.93426 1.17623 -0.367981)
0.0486151     (-6.93505 1.17606 -0.367746)
0.0486866     (-6.93729 1.17606 -0.367078)
0.0487584     (-6.93747 1.17623 -0.364932)
0.0488299     (-6.93664 1.17678 -0.362764)
0.0489024     (-6.93364 1.17844 -0.35798)
0.0489747     (-6.93196 1.18117 -0.357619)
0.0490472     (-6.93253 1.18136 -0.359037)
0.0491199     (-6.9349 1.17939 -0.358412)
0.0491928     (-6.93644 1.1773 -0.35437)
0.049266      (-6.93412 1.17726 -0.347677)
0.0493392     (-6.92747 1.17927 -0.342646)
0.0494123     (-6.92142 1.18101 -0.341037)
0.0494851     (-6.91867 1.18176 -0.341211)
0.0495567     (-6.91843 1.1817 -0.341474)
0.0496299     (-6.92006 1.18127 -0.340815)
0.0497025     (-6.9213 1.18114 -0.339694)
0.0497749     (-6.92193 1.18087 -0.33843)
0.0498474     (-6.92143 1.18188 -0.337091)
0.0499204     (-6.9195 1.18437 -0.337241)
0.0499931     (-6.91427 1.18796 -0.337852)
0.0500657     (-6.90818 1.19213 -0.341794)
0.0501389     (-6.90536 1.19523 -0.348273)
0.050212      (-6.90569 1.19735 -0.355278)
0.0502859     (-6.90688 1.19892 -0.361968)
0.0503588     (-6.91057 1.19998 -0.368932)
0.0504306     (-6.91593 1.20047 -0.373868)
0.050503      (-6.91791 1.20194 -0.374942)
0.0505762     (-6.92294 1.20562 -0.37684)
0.050648      (-6.91047 1.21077 -0.368947)
0.0507193     (-6.89227 1.22317 -0.371465)
0.0507914     (-6.88558 1.23498 -0.387939)
0.0508639     (-6.89518 1.24098 -0.408813)
0.0509358     (-6.9179 1.24119 -0.428263)
0.0510079     (-6.94559 1.23803 -0.440602)
0.0510804     (-6.969 1.23447 -0.444829)
0.0511532     (-6.98565 1.23189 -0.443962)
0.0512251     (-6.99477 1.23124 -0.440378)
0.0512973     (-6.99665 1.23269 -0.435657)
0.0513701     (-6.99216 1.23562 -0.431638)
0.0514424     (-6.98389 1.23968 -0.428822)
0.0515158     (-6.97357 1.24471 -0.427738)
0.0515881     (-6.96101 1.24961 -0.426207)
0.0516597     (-6.94573 1.25661 -0.427187)
0.0517319     (-6.93231 1.26261 -0.429286)
0.0518042     (-6.91621 1.27129 -0.431172)
0.0518765     (-6.90127 1.28023 -0.436937)
0.051949      (-6.89215 1.28627 -0.444744)
0.0520215     (-6.88822 1.28975 -0.453137)
0.0520943     (-6.89217 1.28902 -0.460106)
0.0521672     (-6.89783 1.28634 -0.463827)
0.0522403     (-6.90381 1.28349 -0.464052)
0.0523129     (-6.90984 1.28033 -0.462141)
0.0523858     (-6.91345 1.27843 -0.456214)
0.0524592     (-6.91417 1.27781 -0.449078)
0.0525327     (-6.91468 1.27582 -0.443542)
0.0526063     (-6.91454 1.27367 -0.434744)
0.05268       (-6.91225 1.27516 -0.42503)
0.0527537     (-6.90591 1.2743 -0.418068)
0.0528274     (-6.90201 1.27447 -0.409616)
0.0529014     (-6.89927 1.27666 -0.402532)
0.0529754     (-6.89583 1.27886 -0.396056)
0.0530485     (-6.89009 1.28099 -0.390932)
0.0531216     (-6.8848 1.28169 -0.38521)
0.0531949     (-6.88396 1.2868 -0.382325)
0.053268      (-6.88289 1.29443 -0.382799)
0.0533413     (-6.888 1.29017 -0.380671)
0.0534143     (-6.89069 1.28982 -0.3753)
0.0534875     (-6.88669 1.2821 -0.371537)
0.0535615     (-6.88237 1.2701 -0.362156)
0.0536343     (-6.8774 1.26768 -0.347649)
0.0537069     (-6.87513 1.27128 -0.338475)
0.0537798     (-6.87262 1.27554 -0.330871)
0.0538532     (-6.8688 1.27872 -0.324469)
0.0539265     (-6.86364 1.28153 -0.319694)
0.0539998     (-6.85835 1.28396 -0.316075)
0.0540731     (-6.85072 1.28596 -0.312747)
0.0541472     (-6.84211 1.288 -0.310516)
0.0542203     (-6.8355 1.28991 -0.308744)
0.0542955     (-6.82838 1.29132 -0.306288)
0.0543683     (-6.82452 1.29315 -0.304724)
0.054441      (-6.8232 1.29621 -0.302177)
0.0545148     (-6.81823 1.29816 -0.298458)
0.0545874     (-6.81169 1.29933 -0.296074)
0.0546603     (-6.80235 1.30293 -0.29523)
0.0547332     (-6.79421 1.30424 -0.297149)
0.0548062     (-6.79711 1.30764 -0.308623)
0.0548798     (-6.80938 1.30778 -0.321137)
0.054953      (-6.82668 1.30701 -0.328262)
0.055026      (-6.83638 1.3045 -0.328813)
0.0550992     (-6.84337 1.30327 -0.324331)
0.0551726     (-6.84475 1.30608 -0.319364)
0.055246      (-6.84277 1.30919 -0.316994)
0.0553194     (-6.83928 1.31297 -0.31707)
0.0553934     (-6.83818 1.31501 -0.318392)
0.0554664     (-6.83774 1.31607 -0.319239)
0.0555396     (-6.8326 1.3183 -0.319846)
0.0556128     (-6.82557 1.32145 -0.319937)
0.055686      (-6.81795 1.32546 -0.32241)
0.0557592     (-6.81046 1.33135 -0.3263)
0.0558325     (-6.80243 1.33709 -0.331886)
0.0559059     (-6.79854 1.34202 -0.339493)
0.0559793     (-6.7941 1.34651 -0.346303)
0.0560527     (-6.7917 1.35078 -0.354985)
0.0561263     (-6.79294 1.35189 -0.364932)
0.0561998     (-6.79948 1.34974 -0.371913)
0.0562734     (-6.80536 1.34757 -0.374735)
0.0563475     (-6.80889 1.34619 -0.373124)
0.0564214     (-6.81143 1.34848 -0.370096)
0.0564955     (-6.8097 1.35041 -0.366626)
0.0565694     (-6.80915 1.35221 -0.364993)
0.0566435     (-6.80844 1.35363 -0.363027)
0.0567176     (-6.80662 1.35515 -0.363039)
0.0567924     (-6.80662 1.35597 -0.363185)
0.0568666     (-6.80591 1.35631 -0.362614)
0.0569406     (-6.80516 1.35551 -0.360511)
0.0570146     (-6.80469 1.35327 -0.358963)
0.0570887     (-6.80384 1.35 -0.355535)
0.0571625     (-6.80069 1.34824 -0.349762)
0.0572365     (-6.79443 1.34954 -0.343253)
0.0573106     (-6.78631 1.35336 -0.339618)
0.0573847     (-6.77891 1.35803 -0.339032)
0.0574589     (-6.77322 1.36099 -0.341795)
0.0575332     (-6.77333 1.36171 -0.346316)
0.0576075     (-6.77638 1.36131 -0.349463)
0.057682      (-6.78077 1.35969 -0.351411)
0.0577566     (-6.7851 1.35722 -0.351934)
0.057832      (-6.78885 1.35439 -0.350593)
0.0579059     (-6.79108 1.35285 -0.348023)
0.0579802     (-6.79156 1.35254 -0.344722)
0.0580541     (-6.7917 1.35325 -0.341551)
0.058128      (-6.79126 1.35483 -0.339009)
0.0582019     (-6.791 1.35645 -0.336868)
0.0582757     (-6.79044 1.35745 -0.33537)
0.0583494     (-6.79093 1.35745 -0.334212)
0.0584233     (-6.79115 1.35709 -0.3322)
0.0584973     (-6.79383 1.3556 -0.331859)
0.058572      (-6.79376 1.35643 -0.326904)
0.0586456     (-6.78996 1.35794 -0.326444)
0.0587199     (-6.78886 1.35852 -0.327723)
0.0587951     (-6.78956 1.35854 -0.328182)
0.058869      (-6.78848 1.35918 -0.328296)
0.0589431     (-6.7868 1.35984 -0.327724)
0.0590176     (-6.78512 1.36058 -0.326862)
0.0590919     (-6.7825 1.36161 -0.324857)
0.0591663     (-6.77819 1.36289 -0.323496)
0.0592406     (-6.77258 1.3651 -0.322267)
0.059315      (-6.77015 1.36868 -0.324356)
0.0593894     (-6.76992 1.37034 -0.327911)
0.0594639     (-6.77539 1.36877 -0.330759)
0.0595384     (-6.78382 1.36539 -0.332599)
0.0596132     (-6.79383 1.35761 -0.331337)
0.0596883     (-6.80496 1.35561 -0.328509)
0.0597635     (-6.81023 1.35445 -0.323044)
0.0598389     (-6.80782 1.35602 -0.316165)
0.0599145     (-6.79985 1.36002 -0.310841)
0.0599904     (-6.79158 1.36465 -0.308898)
0.0600665     (-6.78433 1.36878 -0.308541)
0.0601428     (-6.77482 1.37287 -0.309034)
0.0602192     (-6.76449 1.37709 -0.3095)
0.060295      (-6.74754 1.38351 -0.309842)
0.0603706     (-6.7321 1.38967 -0.316154)
0.0604463     (-6.7225 1.39411 -0.325575)
0.0605218     (-6.72292 1.3968 -0.337114)
0.0605971     (-6.73501 1.39861 -0.348152)
0.0606728     (-6.75444 1.39786 -0.357878)
0.0607489     (-6.77641 1.3947 -0.364721)
0.0608253     (-6.79883 1.38861 -0.367298)
0.0609016     (-6.81702 1.38213 -0.364948)
0.0609779     (-6.8301 1.37411 -0.359457)
0.0610542     (-6.83954 1.36709 -0.351265)
0.0611305     (-6.84106 1.36383 -0.340923)
0.0612067     (-6.83318 1.36486 -0.33084)
0.061283      (-6.81834 1.37018 -0.32196)
0.0613594     (-6.7997 1.37877 -0.317426)
0.0614356     (-6.77941 1.38807 -0.319072)
0.0615119     (-6.76182 1.39641 -0.326379)
0.0615884     (-6.75051 1.4023 -0.337619)
0.0616649     (-6.74763 1.40441 -0.349207)
0.0617413     (-6.74889 1.40592 -0.359217)
0.0618175     (-6.75295 1.40543 -0.365631)
0.0618939     (-6.75802 1.40371 -0.36875)
0.0619701     (-6.76088 1.40203 -0.368395)
0.0620456     (-6.76143 1.40161 -0.365732)
0.0621213     (-6.76207 1.40168 -0.362052)
0.0621974     (-6.76039 1.40398 -0.35948)
0.0622737     (-6.75818 1.40681 -0.359862)
0.0623499     (-6.75894 1.4094 -0.362888)
0.0624262     (-6.76189 1.40997 -0.366374)
0.0625024     (-6.76796 1.40956 -0.3682)
0.0625787     (-6.77119 1.40779 -0.367689)
0.0626548     (-6.77604 1.40626 -0.368061)
0.062731      (-6.78419 1.40521 -0.365337)
0.0628073     (-6.78032 1.40903 -0.360319)
0.0628837     (-6.77356 1.40934 -0.358062)
0.0629601     (-6.76971 1.40652 -0.353788)
0.0630366     (-6.76532 1.40576 -0.347949)
0.063113      (-6.75829 1.40682 -0.341626)
0.0631892     (-6.74609 1.40897 -0.334658)
0.0632654     (-6.73225 1.41452 -0.328867)
0.0633417     (-6.7162 1.423 -0.326578)
0.063418      (-6.70637 1.43061 -0.331584)
0.0634944     (-6.70407 1.43538 -0.338188)
0.0635707     (-6.70665 1.43753 -0.344223)
0.0636468     (-6.71203 1.43713 -0.349582)
0.0637233     (-6.72145 1.43415 -0.352826)
0.0637996     (-6.73052 1.42975 -0.35243)
0.0638759     (-6.73922 1.4275 -0.350168)
0.0639524     (-6.74656 1.42157 -0.345657)
0.0640288     (-6.75189 1.41811 -0.336234)
0.0641051     (-6.75031 1.41546 -0.326687)
0.0641813     (-6.74836 1.4145 -0.317631)
0.0642575     (-6.74567 1.41528 -0.309124)
0.0643337     (-6.74168 1.41594 -0.300865)
0.06441       (-6.73676 1.41699 -0.293693)
0.0644863     (-6.72966 1.41805 -0.289044)
0.0645626     (-6.72499 1.4169 -0.284738)
0.0646387     (-6.7164 1.41742 -0.278705)
0.0647149     (-6.70267 1.42101 -0.273188)
0.0647909     (-6.68551 1.42705 -0.275457)
0.0648664     (-6.67681 1.43087 -0.28549)
0.0649422     (-6.67884 1.43253 -0.297189)
0.0650183     (-6.68927 1.43259 -0.308232)
0.0650947     (-6.70679 1.42977 -0.317094)
0.0651709     (-6.72417 1.42476 -0.321629)
0.0652472     (-6.74023 1.41731 -0.32304)
0.0653235     (-6.75446 1.4076 -0.320755)
0.0653999     (-6.76031 1.40065 -0.309502)
0.0654763     (-6.75024 1.40078 -0.293719)
0.0655523     (-6.72999 1.40762 -0.282583)
0.0656283     (-6.70944 1.41587 -0.280993)
0.065704      (-6.69376 1.42416 -0.284815)
0.06578       (-6.68736 1.43033 -0.295914)
0.0658562     (-6.69189 1.43254 -0.309935)
0.0659326     (-6.70661 1.42976 -0.323036)
0.0660091     (-6.7254 1.42354 -0.331325)
0.0660856     (-6.74144 1.41567 -0.334823)
0.0661619     (-6.75105 1.40904 -0.334066)
0.0662382     (-6.75349 1.40569 -0.330731)
0.0663144     (-6.74956 1.4058 -0.325912)
0.0663907     (-6.74235 1.40816 -0.320807)
0.066467      (-6.73032 1.41269 -0.316736)
0.0665434     (-6.71723 1.41826 -0.317288)
0.0666199     (-6.70633 1.42385 -0.319739)
0.0666964     (-6.69646 1.43004 -0.323824)
0.0667727     (-6.68936 1.43418 -0.329698)
0.0668489     (-6.68402 1.43628 -0.334412)
0.0669252     (-6.67926 1.43844 -0.338164)
0.0670016     (-6.67542 1.44095 -0.341456)
0.0670779     (-6.67265 1.44395 -0.344348)
0.0671542     (-6.66629 1.44678 -0.343702)
0.0672302     (-6.65618 1.45237 -0.342414)
0.0673067     (-6.6436 1.45927 -0.345385)
0.0673832     (-6.63972 1.46374 -0.355692)
0.0674596     (-6.64409 1.46474 -0.365709)
0.067536      (-6.65297 1.46414 -0.371312)
0.0676124     (-6.66109 1.46433 -0.37264)
0.0676888     (-6.66444 1.46569 -0.370676)
0.067765      (-6.66366 1.46843 -0.369397)
0.0678413     (-6.66087 1.47186 -0.370012)
0.0679175     (-6.66027 1.47376 -0.374447)
0.0679938     (-6.66429 1.47239 -0.377375)
0.0680702     (-6.67211 1.47017 -0.378123)
0.0681466     (-6.68047 1.46763 -0.376043)
0.0682229     (-6.68887 1.46489 -0.371756)
0.0682992     (-6.69337 1.46316 -0.363526)
0.0683749     (-6.69269 1.46378 -0.354596)
0.0684507     (-6.68783 1.46627 -0.34567)
0.0685261     (-6.67956 1.46972 -0.339408)
0.068601      (-6.66867 1.47331 -0.333953)
0.0686759     (-6.6551 1.47906 -0.330377)
0.0687507     (-6.64218 1.48535 -0.331041)
0.0688255     (-6.63359 1.48907 -0.334993)
0.0689002     (-6.63052 1.49121 -0.339788)
0.0689751     (-6.63023 1.49234 -0.342761)
0.0690503     (-6.63156 1.49296 -0.344014)
0.0691257     (-6.63229 1.49457 -0.344311)
0.0692015     (-6.63295 1.49677 -0.344368)
0.0692777     (-6.63521 1.49832 -0.344857)
0.069354      (-6.63811 1.49929 -0.343968)
0.0694301     (-6.63806 1.50104 -0.341551)
0.0695065     (-6.63752 1.50304 -0.341386)
0.0695827     (-6.63792 1.50425 -0.34182)
0.069659      (-6.63759 1.50655 -0.341367)
0.0697354     (-6.63711 1.50809 -0.343813)
0.0698118     (-6.63526 1.50852 -0.341769)
0.0698877     (-6.63257 1.51017 -0.34189)
0.0699636     (-6.63225 1.51159 -0.343962)
0.0700398     (-6.63425 1.51242 -0.346939)
0.0701161     (-6.64165 1.5121 -0.35031)
0.0701925     (-6.65054 1.51121 -0.351589)
0.070269      (-6.65859 1.50876 -0.352019)
0.0703453     (-6.66641 1.50525 -0.350603)
0.0704217     (-6.67385 1.50203 -0.347482)
0.0704981     (-6.67825 1.50001 -0.34241)
0.0705745     (-6.67818 1.4993 -0.337387)
0.0706511     (-6.67637 1.49915 -0.333951)
0.0707275     (-6.67295 1.50004 -0.331376)
0.0708039     (-6.66853 1.50168 -0.330698)
0.0708802     (-6.66351 1.50406 -0.330889)
0.0709565     (-6.65526 1.50912 -0.330587)
0.0710329     (-6.64581 1.51545 -0.333247)
0.0711093     (-6.64032 1.52051 -0.339515)
0.0711857     (-6.63897 1.52315 -0.346313)
0.0712621     (-6.6412 1.52458 -0.352777)
0.0713385     (-6.64478 1.5243 -0.354904)
0.0714148     (-6.64232 1.5261 -0.351954)
0.0714911     (-6.63053 1.53205 -0.347466)
0.0715675     (-6.619 1.5403 -0.349486)
0.0716438     (-6.62389 1.53987 -0.35949)
0.0717202     (-6.63133 1.54285 -0.35993)
0.0717966     (-6.64038 1.54629 -0.36567)
0.0718729     (-6.65267 1.54448 -0.370872)
0.0719493     (-6.6651 1.53902 -0.372751)
0.0720258     (-6.67416 1.53293 -0.370085)
0.0721024     (-6.67631 1.53019 -0.364536)
0.0721788     (-6.6724 1.53057 -0.360102)
0.0722551     (-6.6681 1.53196 -0.357049)
0.0723313     (-6.66318 1.53465 -0.355308)
0.0724076     (-6.66026 1.5369 -0.356221)
0.072484      (-6.65942 1.53764 -0.357481)
0.0725604     (-6.65927 1.53721 -0.358092)
0.0726368     (-6.65655 1.53728 -0.356518)
0.0727132     (-6.65025 1.54019 -0.35546)
0.0727895     (-6.64366 1.54398 -0.357161)
0.0728658     (-6.63885 1.54764 -0.360654)
0.0729422     (-6.63365 1.55321 -0.365173)
0.0730188     (-6.63033 1.55944 -0.373567)
0.0730952     (-6.63281 1.56323 -0.382485)
0.0731716     (-6.63784 1.5669 -0.388589)
0.0732479     (-6.64144 1.56982 -0.393028)
0.0733241     (-6.64468 1.57176 -0.396319)
0.0734005     (-6.64649 1.57387 -0.396664)
0.0734769     (-6.64787 1.57614 -0.39617)
0.0735534     (-6.65088 1.57817 -0.395065)
0.0736299     (-6.6566 1.57993 -0.392868)
0.0737062     (-6.66434 1.58243 -0.389761)
0.0737826     (-6.67027 1.58387 -0.385842)
0.073859      (-6.67671 1.58383 -0.383823)
0.0739355     (-6.6806 1.5829 -0.380322)
0.0740119     (-6.67908 1.58307 -0.375502)
0.0740882     (-6.67432 1.58356 -0.371568)
0.0741645     (-6.66845 1.58431 -0.368361)
0.0742408     (-6.66281 1.58489 -0.366307)
0.0743171     (-6.65756 1.5848 -0.363999)
0.0743934     (-6.6516 1.58506 -0.361814)
0.0744698     (-6.64572 1.58552 -0.359804)
0.0745462     (-6.64053 1.58566 -0.35933)
0.0746225     (-6.63747 1.58341 -0.358137)
0.0746988     (-6.63337 1.58212 -0.352849)
0.0747751     (-6.62557 1.58342 -0.34608)
0.0748515     (-6.61608 1.5865 -0.342883)
0.0749272     (-6.61178 1.58866 -0.34411)
0.0750033     (-6.61385 1.58914 -0.345791)
0.0750795     (-6.61783 1.58882 -0.345716)
0.0751558     (-6.62222 1.58836 -0.344799)
0.0752321     (-6.62688 1.5871 -0.344189)
0.0753085     (-6.6313 1.58458 -0.343052)
0.0753848     (-6.63559 1.58057 -0.344088)
0.0754611     (-6.64524 1.57266 -0.343373)
0.0755374     (-6.65066 1.56847 -0.338614)
0.0756138     (-6.65158 1.56708 -0.333135)
0.07569       (-6.65245 1.567 -0.329472)
0.0757663     (-6.6542 1.56572 -0.327695)
0.0758427     (-6.65453 1.56446 -0.325042)
0.075919      (-6.65153 1.56502 -0.32159)
0.0759954     (-6.64412 1.56712 -0.321359)
0.0760718     (-6.6392 1.56879 -0.325551)
0.0761481     (-6.63728 1.57109 -0.328838)
0.0762244     (-6.63539 1.5748 -0.332558)
0.0763008     (-6.63917 1.57651 -0.341627)
0.0763772     (-6.65126 1.57423 -0.350064)
0.0764535     (-6.66572 1.57067 -0.354278)
0.0765297     (-6.67654 1.56776 -0.354341)
0.076606      (-6.68029 1.56692 -0.350985)
0.0766822     (-6.67583 1.569 -0.346628)
0.0767585     (-6.66604 1.57306 -0.344457)
0.076835      (-6.65838 1.5779 -0.346407)
0.0769114     (-6.65411 1.58157 -0.349832)
0.0769877     (-6.65313 1.58466 -0.353237)
0.0770639     (-6.65229 1.58774 -0.355103)
0.0771402     (-6.65177 1.59127 -0.357606)
0.0772165     (-6.65216 1.59356 -0.358934)
0.077293      (-6.65016 1.59696 -0.359883)
0.0773696     (-6.65133 1.59719 -0.364352)
0.0774462     (-6.65334 1.59605 -0.364576)
0.0775227     (-6.65025 1.59632 -0.363088)
0.0775992     (-6.64628 1.59677 -0.363051)
0.0776757     (-6.6431 1.59747 -0.362408)
0.0777522     (-6.63773 1.59902 -0.361312)
0.0778283     (-6.63115 1.6008 -0.360768)
0.0779042     (-6.62321 1.60402 -0.359666)
0.0779807     (-6.61433 1.60858 -0.36062)
0.0780573     (-6.60868 1.61238 -0.365019)
0.0781338     (-6.6063 1.61507 -0.369488)
0.0782104     (-6.60747 1.61677 -0.373905)
0.078287      (-6.61141 1.6169 -0.37616)
0.0783637     (-6.61677 1.61655 -0.376545)
0.0784401     (-6.61879 1.61656 -0.375266)
0.0785166     (-6.61899 1.61601 -0.373367)
0.078593      (-6.61882 1.61572 -0.371127)
0.0786694     (-6.61871 1.61648 -0.369167)
0.0787458     (-6.61728 1.61806 -0.367337)
0.0788223     (-6.61408 1.62004 -0.367255)
0.0788988     (-6.61135 1.62132 -0.368753)
0.0789753     (-6.61131 1.6227 -0.371772)
0.0790517     (-6.61406 1.62264 -0.375019)
0.079128      (-6.61655 1.62215 -0.376096)
0.0792044     (-6.61814 1.6219 -0.375706)
0.0792807     (-6.61726 1.6229 -0.376106)
0.0793572     (-6.61941 1.62186 -0.378665)
0.0794338     (-6.62113 1.62046 -0.379085)
0.0795103     (-6.62341 1.62007 -0.380651)
0.0795868     (-6.62768 1.61951 -0.381537)
0.0796632     (-6.63309 1.61899 -0.381958)
0.0797396     (-6.63535 1.61749 -0.380392)
0.0798159     (-6.63859 1.61697 -0.377738)
0.0798923     (-6.63901 1.6171 -0.373056)
0.0799688     (-6.63952 1.61776 -0.369489)
0.0800452     (-6.63906 1.61846 -0.367297)
0.0801215     (-6.63796 1.61844 -0.364986)
0.0801979     (-6.63447 1.61894 -0.362155)
0.0802743     (-6.62895 1.62096 -0.358814)
0.0803508     (-6.62024 1.62362 -0.356452)
0.0804274     (-6.61345 1.62653 -0.35702)
0.0805039     (-6.60971 1.62853 -0.360425)
0.0805804     (-6.61017 1.62828 -0.361811)
0.0806569     (-6.60663 1.63041 -0.361445)
0.0807333     (-6.60369 1.63264 -0.362088)
0.0808098     (-6.60053 1.63302 -0.361223)
0.0808864     (-6.59798 1.63423 -0.359989)
0.0809629     (-6.59388 1.63715 -0.358385)
0.0810392     (-6.59041 1.64065 -0.359594)
0.0811156     (-6.59075 1.64324 -0.363765)
0.081192      (-6.59535 1.64205 -0.369054)
0.0812684     (-6.60391 1.63763 -0.372362)
0.0813447     (-6.61092 1.63214 -0.370269)
0.0814211     (-6.61308 1.62935 -0.36398)
0.0814977     (-6.60889 1.63074 -0.355975)
0.0815742     (-6.59987 1.63527 -0.349181)
0.0816507     (-6.59197 1.64193 -0.346302)
0.0817271     (-6.58804 1.64751 -0.347503)
0.0818034     (-6.5884 1.65014 -0.351386)
0.0818799     (-6.58984 1.651 -0.355064)
0.0819564     (-6.59304 1.65128 -0.360218)
0.0820328     (-6.59676 1.64998 -0.36538)
0.0821092     (-6.59896 1.6487 -0.368059)
0.0821857     (-6.5996 1.64824 -0.36935)
0.0822624     (-6.60026 1.64792 -0.371416)
0.0823389     (-6.60344 1.64712 -0.373294)
0.0824154     (-6.60767 1.64571 -0.374155)
0.0824919     (-6.61067 1.64427 -0.372844)
0.0825684     (-6.61049 1.6432 -0.370236)
0.0826449     (-6.60728 1.64327 -0.366912)
0.0827214     (-6.60279 1.64433 -0.363633)
0.0827978     (-6.59884 1.64588 -0.362713)
0.0828743     (-6.59802 1.64723 -0.365338)
0.0829507     (-6.5982 1.64721 -0.366732)
0.0830271     (-6.59756 1.64667 -0.366727)
0.0831036     (-6.59607 1.64522 -0.365495)
0.0831801     (-6.59158 1.64508 -0.362296)
0.0832566     (-6.58263 1.64685 -0.359531)
0.083333      (-6.57286 1.64993 -0.360484)
0.0834094     (-6.56731 1.65218 -0.364948)
0.0834859     (-6.56661 1.65265 -0.369073)
0.0835624     (-6.56739 1.65401 -0.371055)
0.0836388     (-6.56864 1.65608 -0.372835)
0.0837153     (-6.56877 1.65773 -0.373918)
0.0837917     (-6.56882 1.65915 -0.374544)
0.0838682     (-6.56795 1.66047 -0.374921)
0.0839448     (-6.56656 1.66255 -0.37588)
0.0840215     (-6.56467 1.66479 -0.37705)
0.0840981     (-6.56411 1.66698 -0.377412)
0.0841746     (-6.56248 1.66868 -0.377768)
0.0842513     (-6.56299 1.67011 -0.378508)
0.0843279     (-6.56501 1.67132 -0.37981)
0.0844043     (-6.56743 1.67186 -0.380235)
0.0844808     (-6.56983 1.67206 -0.379981)
0.0845569     (-6.57001 1.67254 -0.377564)
0.0846332     (-6.56356 1.67458 -0.372191)
0.0847094     (-6.54788 1.68074 -0.368424)
0.0847855     (-6.53318 1.68692 -0.374522)
0.0848613     (-6.53 1.69004 -0.38581)
0.0849371     (-6.53826 1.68975 -0.396379)
0.0850129     (-6.55478 1.68684 -0.404854)
0.0850887     (-6.5757 1.68195 -0.409681)
0.0851647     (-6.59692 1.67582 -0.411253)
0.0852409     (-6.61491 1.6689 -0.40939)
0.0853173     (-6.62786 1.66228 -0.403575)
0.0853938     (-6.63522 1.65713 -0.395903)
0.0854703     (-6.6373 1.6542 -0.387134)
0.0855468     (-6.63815 1.65101 -0.381987)
0.0856232     (-6.64093 1.64733 -0.377773)
0.0856997     (-6.64262 1.64481 -0.372363)
0.0857763     (-6.6414 1.64356 -0.366654)
0.0858529     (-6.63851 1.64375 -0.363049)
0.0859294     (-6.63422 1.64403 -0.361999)
0.0860058     (-6.63008 1.64215 -0.361837)
0.0860823     (-6.63008 1.643 -0.363178)
0.0861588     (-6.62784 1.64296 -0.362545)
0.0862354     (-6.6228 1.64301 -0.36045)
0.0863119     (-6.6177 1.64259 -0.358636)
0.0863884     (-6.61443 1.64224 -0.355332)
0.0864649     (-6.61051 1.64299 -0.351152)
0.0865414     (-6.60507 1.6439 -0.347597)
0.0866179     (-6.60042 1.64518 -0.344485)
0.0866943     (-6.59595 1.64665 -0.341403)
0.0867707     (-6.59257 1.64818 -0.340042)
0.0868471     (-6.58992 1.64931 -0.339538)
0.0869236     (-6.58565 1.65038 -0.338843)
0.087         (-6.58158 1.65198 -0.339531)
0.0870764     (-6.57696 1.65261 -0.340926)
0.0871528     (-6.57271 1.65183 -0.34343)
0.0872293     (-6.56986 1.65183 -0.344579)
0.0873057     (-6.56489 1.65339 -0.344173)
0.0873821     (-6.55922 1.65656 -0.345623)
0.0874585     (-6.5573 1.65937 -0.349582)
0.087535      (-6.55903 1.66012 -0.353723)
0.0876115     (-6.56318 1.65987 -0.357115)
0.087688      (-6.56681 1.65963 -0.358403)
0.0877644     (-6.56837 1.65996 -0.358871)
0.087841      (-6.5681 1.66131 -0.359648)
0.0879176     (-6.56681 1.66369 -0.361462)
0.0879941     (-6.56563 1.66612 -0.364693)
0.0880706     (-6.56608 1.66809 -0.368588)
0.0881471     (-6.56738 1.6702 -0.372309)
0.0882236     (-6.571 1.67089 -0.37682)
0.0883001     (-6.57631 1.67114 -0.379552)
0.0883765     (-6.5789 1.67167 -0.381832)
0.088453      (-6.58061 1.67187 -0.385467)
0.0885295     (-6.58433 1.67101 -0.389483)
0.0886059     (-6.58954 1.66982 -0.391336)
0.0886825     (-6.59325 1.66908 -0.391233)
0.088759      (-6.5951 1.66896 -0.391639)
0.0888355     (-6.59752 1.66907 -0.392607)
0.0889121     (-6.59963 1.66869 -0.392716)
0.0889887     (-6.60198 1.66814 -0.392521)
0.0890654     (-6.60265 1.66714 -0.391047)
0.089142      (-6.60054 1.66674 -0.390003)
0.0892185     (-6.59816 1.66727 -0.390168)
0.0892949     (-6.59842 1.66644 -0.390535)
0.0893715     (-6.60285 1.66478 -0.392132)
0.0894481     (-6.60645 1.66166 -0.391364)
0.0895246     (-6.60722 1.65888 -0.387454)
0.0896011     (-6.60424 1.65726 -0.381912)
0.0896776     (-6.59815 1.65751 -0.375574)
0.0897542     (-6.59012 1.65935 -0.37062)
0.0898307     (-6.58104 1.66212 -0.367961)
0.0899071     (-6.57586 1.66451 -0.368923)
0.0899836     (-6.5751 1.66581 -0.370877)
0.09006       (-6.57598 1.66601 -0.372117)
0.0901365     (-6.57702 1.66538 -0.372861)
0.0902129     (-6.57693 1.66427 -0.372326)
0.0902894     (-6.57515 1.66333 -0.370923)
0.0903661     (-6.57184 1.6639 -0.368871)
0.0904426     (-6.56755 1.66552 -0.367247)
0.0905191     (-6.56355 1.66734 -0.366589)
0.0905957     (-6.56041 1.66924 -0.36672)
0.0906724     (-6.55889 1.67139 -0.367958)
0.090749      (-6.5586 1.67317 -0.369677)
0.0908256     (-6.56027 1.67439 -0.370932)
0.0909022     (-6.56242 1.67561 -0.370688)
0.0909787     (-6.56366 1.67665 -0.370324)
0.0910551     (-6.56367 1.67738 -0.370197)
0.0911314     (-6.56467 1.67774 -0.372238)
0.0912079     (-6.56892 1.67622 -0.374618)
0.0912843     (-6.57192 1.67517 -0.374086)
0.0913607     (-6.57303 1.67367 -0.374411)
0.0914371     (-6.57702 1.67211 -0.374014)
0.0915135     (-6.58038 1.67057 -0.37212)
0.0915899     (-6.58146 1.66914 -0.369803)
0.0916663     (-6.57932 1.66888 -0.367895)
0.0917427     (-6.57759 1.66828 -0.370185)
0.091819      (-6.57998 1.6653 -0.372076)
0.0918954     (-6.58232 1.66478 -0.37266)
0.0919718     (-6.58368 1.66482 -0.372475)
0.0920482     (-6.58523 1.66585 -0.371415)
0.0921247     (-6.58581 1.66639 -0.37053)
0.092201      (-6.58577 1.66724 -0.371587)
0.0922774     (-6.58733 1.66377 -0.371475)
0.0923539     (-6.58795 1.662 -0.370438)
0.0924303     (-6.58493 1.66134 -0.367164)
0.0925067     (-6.58 1.66211 -0.362242)
0.0925831     (-6.57397 1.66507 -0.358608)
0.0926595     (-6.56913 1.66816 -0.358337)
0.0927359     (-6.56517 1.67037 -0.359469)
0.0928124     (-6.56389 1.67127 -0.361356)
0.0928889     (-6.56448 1.67166 -0.363169)
0.0929655     (-6.56433 1.67208 -0.363713)
0.0930421     (-6.56526 1.67301 -0.365846)
0.0931188     (-6.56685 1.67358 -0.366753)
0.0931954     (-6.56603 1.67505 -0.366307)
0.093272      (-6.56402 1.67662 -0.367655)
0.0933485     (-6.56378 1.67762 -0.369553)
0.093425      (-6.5641 1.67844 -0.371189)
0.0935015     (-6.56364 1.67886 -0.372341)
0.0935779     (-6.56356 1.67913 -0.374226)
0.0936544     (-6.56281 1.67998 -0.37539)
0.0937309     (-6.56123 1.68157 -0.377059)
0.0938074     (-6.56013 1.68245 -0.378987)
0.0938839     (-6.55817 1.68399 -0.379852)
0.0939605     (-6.55361 1.68633 -0.380528)
0.0940371     (-6.54997 1.68927 -0.383182)
0.0941137     (-6.54954 1.69203 -0.387761)
0.0941901     (-6.55175 1.69388 -0.392543)
0.0942665     (-6.55386 1.69497 -0.395846)
0.094343      (-6.5549 1.6954 -0.39851)
0.0944195     (-6.55535 1.69505 -0.399896)
0.0944959     (-6.55329 1.69515 -0.400116)
0.0945723     (-6.55054 1.6958 -0.400952)
0.0946488     (-6.54812 1.69647 -0.402638)
0.0947252     (-6.54718 1.69648 -0.404062)
0.0948017     (-6.54697 1.69689 -0.405529)
0.0948781     (-6.54773 1.69629 -0.40698)
0.0949547     (-6.54957 1.69566 -0.408083)
0.0950313     (-6.55096 1.69546 -0.408462)
0.0951076     (-6.55163 1.69492 -0.408565)
0.095184      (-6.5518 1.69441 -0.408729)
0.0952604     (-6.54924 1.6941 -0.407975)
0.0953368     (-6.5488 1.69456 -0.408695)
0.0954134     (-6.55105 1.69456 -0.410381)
0.09549       (-6.55613 1.69354 -0.412382)
0.0955665     (-6.56205 1.69176 -0.413467)
0.0956429     (-6.56705 1.68843 -0.412176)
0.0957195     (-6.56941 1.68601 -0.407179)
0.095796      (-6.56548 1.68685 -0.400752)
0.0958724     (-6.56162 1.68794 -0.401879)
0.0959489     (-6.56647 1.68483 -0.402806)
0.0960251     (-6.56867 1.68402 -0.399544)
0.0961015     (-6.57084 1.68417 -0.396881)
0.096178      (-6.57433 1.68282 -0.393915)
0.0962544     (-6.57858 1.68189 -0.39008)
0.0963308     (-6.58097 1.68118 -0.384972)
0.0964071     (-6.58043 1.68025 -0.380103)
0.0964835     (-6.5784 1.67949 -0.376251)
0.0965599     (-6.57604 1.67859 -0.372661)
0.0966363     (-6.57342 1.67762 -0.369267)
0.0967129     (-6.56998 1.67683 -0.366293)
0.0967893     (-6.56626 1.67676 -0.364086)
0.0968658     (-6.56155 1.67768 -0.361692)
0.0969421     (-6.55628 1.67864 -0.360571)
0.0970186     (-6.55216 1.68026 -0.360723)
0.0970951     (-6.54929 1.6824 -0.361264)
0.0971715     (-6.54704 1.68478 -0.362613)
0.0972479     (-6.5475 1.68621 -0.365683)
0.0973244     (-6.54795 1.68684 -0.3676)
0.0974009     (-6.54791 1.68741 -0.368545)
0.0974773     (-6.54699 1.68802 -0.369559)
0.0975538     (-6.54586 1.68827 -0.370322)
0.0976304     (-6.54478 1.68848 -0.370543)
0.0977071     (-6.5446 1.68856 -0.370846)
0.0977836     (-6.54357 1.68946 -0.370634)
0.09786       (-6.54159 1.6914 -0.371332)
0.0979365     (-6.53873 1.69376 -0.372935)
0.0980129     (-6.53632 1.6958 -0.376087)
0.0980895     (-6.53657 1.69733 -0.379371)
0.0981661     (-6.5356 1.69857 -0.380722)
0.0982428     (-6.53003 1.70118 -0.380906)
0.0983194     (-6.52053 1.70564 -0.384517)
0.0983958     (-6.51814 1.70817 -0.393376)
0.0984724     (-6.52376 1.708 -0.401394)
0.0985491     (-6.53203 1.7055 -0.406676)
0.0986257     (-6.54076 1.70241 -0.409842)
0.0987023     (-6.54991 1.69904 -0.41093)
0.0987788     (-6.55777 1.69596 -0.410469)
0.0988554     (-6.56312 1.69243 -0.408915)
0.098932      (-6.56642 1.68901 -0.407688)
0.0990085     (-6.56872 1.68579 -0.405967)
0.099085      (-6.56972 1.68374 -0.403427)
0.0991616     (-6.57084 1.68266 -0.401423)
0.0992382     (-6.57174 1.6816 -0.400497)
0.0993148     (-6.57362 1.67794 -0.398413)
0.0993915     (-6.57532 1.67741 -0.395791)
0.0994682     (-6.57419 1.67723 -0.39334)
0.0995448     (-6.57142 1.67724 -0.390412)
0.0996214     (-6.567 1.67802 -0.388149)
0.0996979     (-6.5623 1.67899 -0.387205)
0.0997745     (-6.55848 1.6797 -0.387347)
0.0998511     (-6.55607 1.68057 -0.386742)
0.0999276     (-6.55268 1.68242 -0.385722)
