# Residuals   
# Time        	p             	Ux            	Uy            	Uz            	k             
0             	N/A           	N/A           	N/A           	N/A           	N/A           
6.8679e-05    	1.515568e-01	4.847479e-03	1.858026e-04	3.546925e-03	1.488858e-04
0.000174      	3.161399e-02	7.110465e-03	2.762274e-04	6.631486e-03	1.846420e-04
0.000292153   	2.056734e-02	7.198058e-03	3.009681e-04	6.898271e-03	1.752547e-04
0.000418463   	1.652033e-02	6.977970e-03	3.182675e-04	6.649435e-03	1.667103e-04
0.000549389   	1.417028e-02	6.476365e-03	3.267052e-04	6.140917e-03	1.570876e-04
0.000681015   	1.316641e-02	5.915553e-03	3.300541e-04	5.573558e-03	1.461799e-04
0.000813182   	1.175756e-02	5.495014e-03	3.364383e-04	5.138313e-03	1.351857e-04
0.000946567   	1.150894e-02	5.154971e-03	3.449758e-04	4.791543e-03	1.221591e-04
0.00108137    	1.099831e-02	4.850925e-03	3.532490e-04	4.488334e-03	1.096382e-04
0.00121687    	1.088783e-02	4.558880e-03	3.596304e-04	4.201248e-03	9.845278e-05
0.00135222    	1.071788e-02	4.282974e-03	3.652900e-04	3.935843e-03	8.900934e-05
0.0014869     	1.053376e-02	4.032370e-03	3.695696e-04	3.697070e-03	8.140396e-05
0.00162079    	1.070382e-02	3.825529e-03	3.755873e-04	3.506351e-03	7.543160e-05
0.00175417    	1.012206e-02	3.643844e-03	3.813583e-04	3.335021e-03	7.080911e-05
0.00188724    	9.938292e-03	3.486234e-03	3.888564e-04	3.197617e-03	6.714663e-05
0.00202015    	1.039733e-02	3.346208e-03	3.960540e-04	3.069293e-03	6.439951e-05
0.00215299    	1.030231e-02	3.216651e-03	4.031548e-04	2.951009e-03	6.215672e-05
0.00228577    	1.012253e-02	3.098323e-03	4.103680e-04	2.846932e-03	6.021166e-05
0.00241847    	1.037534e-02	2.993473e-03	4.173232e-04	2.749942e-03	5.854432e-05
0.00255114    	1.011236e-02	2.894257e-03	4.245270e-04	2.659187e-03	5.705694e-05
0.00268375    	1.023078e-02	2.804154e-03	4.307541e-04	2.574906e-03	5.571934e-05
0.00281632    	1.006131e-02	2.719131e-03	4.369210e-04	2.498409e-03	5.446051e-05
0.0029489     	1.014961e-02	2.638160e-03	4.425487e-04	2.423725e-03	5.332777e-05
0.00308147    	9.827338e-03	2.564731e-03	4.471820e-04	2.353920e-03	5.220990e-05
0.00321393    	9.431831e-03	2.491361e-03	4.508848e-04	2.287408e-03	5.118953e-05
0.00334617    	9.544713e-03	2.421731e-03	4.538683e-04	2.223757e-03	5.015323e-05
0.00347818    	9.456098e-03	2.354943e-03	4.551410e-04	2.161499e-03	4.922877e-05
0.00360994    	9.177376e-03	2.291537e-03	4.567019e-04	2.107903e-03	4.838005e-05
0.00374152    	9.199142e-03	2.233391e-03	4.572887e-04	2.055789e-03	4.761223e-05
0.00387297    	9.122312e-03	2.178274e-03	4.576032e-04	2.009412e-03	4.696328e-05
0.00400435    	9.131867e-03	2.127653e-03	4.577959e-04	1.969082e-03	4.639133e-05
0.00413575    	8.980549e-03	2.080393e-03	4.576033e-04	1.932187e-03	4.594781e-05
0.0042672     	8.647836e-03	2.036622e-03	4.573359e-04	1.899348e-03	4.559901e-05
0.00439873    	8.872757e-03	1.997188e-03	4.566499e-04	1.871842e-03	4.536478e-05
0.00453036    	8.805824e-03	1.960500e-03	4.565193e-04	1.849855e-03	4.527836e-05
0.00466214    	8.760988e-03	1.927822e-03	4.561883e-04	1.828978e-03	4.536381e-05
0.0047941     	9.083200e-03	1.896476e-03	4.561809e-04	1.814050e-03	4.565027e-05
0.00492629    	7.739729e-03	1.865350e-03	4.567417e-04	1.800702e-03	4.613919e-05
0.00505873    	7.721385e-03	1.841033e-03	4.566128e-04	1.791484e-03	4.693681e-05
0.00519143    	9.248927e-03	1.817947e-03	4.586132e-04	1.784289e-03	4.778473e-05
0.00532436    	9.155342e-03	1.793508e-03	4.604744e-04	1.779883e-03	4.888134e-05
0.00545746    	8.847621e-03	1.770371e-03	4.623483e-04	1.773959e-03	5.006147e-05
0.00559068    	9.134187e-03	1.745281e-03	4.641688e-04	1.768485e-03	5.127748e-05
0.00572395    	9.136900e-03	1.721027e-03	4.660239e-04	1.766403e-03	5.244753e-05
0.00585722    	8.929816e-03	1.695633e-03	4.683095e-04	1.761967e-03	5.353398e-05
0.00599047    	9.073568e-03	1.670055e-03	4.702622e-04	1.759481e-03	5.438813e-05
0.00612361    	9.213660e-03	1.643548e-03	4.720333e-04	1.754711e-03	5.495912e-05
0.00625656    	9.141669e-03	1.616912e-03	4.737612e-04	1.749304e-03	5.525449e-05
0.0063893     	9.075467e-03	1.590118e-03	4.750902e-04	1.743591e-03	5.530189e-05
0.00652178    	9.366563e-03	1.563396e-03	4.759662e-04	1.737769e-03	5.503185e-05
0.00665396    	9.143240e-03	1.536101e-03	4.764758e-04	1.731557e-03	5.445357e-05
0.00678582    	9.137123e-03	1.509599e-03	4.766113e-04	1.724559e-03	5.376845e-05
0.00691735    	9.300213e-03	1.483619e-03	4.766206e-04	1.717639e-03	5.298783e-05
0.00704858    	9.950469e-03	1.459017e-03	4.763844e-04	1.710813e-03	5.222740e-05
0.00717968    	9.345441e-03	1.437556e-03	4.767838e-04	1.706454e-03	5.152202e-05
0.00731068    	9.273588e-03	1.415803e-03	4.768441e-04	1.700725e-03	5.070600e-05
0.00744158    	9.445937e-03	1.394561e-03	4.768394e-04	1.693562e-03	4.984769e-05
0.00757238    	9.454306e-03	1.372431e-03	4.763551e-04	1.685307e-03	4.888976e-05
0.00770304    	9.511563e-03	1.351549e-03	4.750657e-04	1.674301e-03	4.791009e-05
0.00783353    	9.241855e-03	1.330102e-03	4.730043e-04	1.661004e-03	4.685634e-05
0.00796385    	9.446570e-03	1.308979e-03	4.698029e-04	1.645788e-03	4.573828e-05
0.00809398    	8.972520e-03	1.287604e-03	4.651591e-04	1.627968e-03	4.458757e-05
0.00822391    	8.808679e-03	1.265615e-03	4.588949e-04	1.607387e-03	4.342852e-05
0.00835372    	8.684232e-03	1.242970e-03	4.501461e-04	1.584414e-03	4.226791e-05
0.00848337    	8.722714e-03	1.220578e-03	4.393718e-04	1.560372e-03	4.110571e-05
0.00861314    	8.742015e-03	1.201342e-03	4.268958e-04	1.536319e-03	4.000715e-05
0.00874338    	8.737757e-03	1.184335e-03	4.121400e-04	1.513656e-03	3.901030e-05
0.00887443    	8.763321e-03	1.170718e-03	3.959575e-04	1.493120e-03	3.815796e-05
0.00900671    	8.920799e-03	1.161875e-03	3.783826e-04	1.475270e-03	3.745560e-05
0.00914061    	9.195197e-03	1.155408e-03	3.598556e-04	1.460923e-03	3.692680e-05
0.00927637    	9.375083e-03	1.151026e-03	3.410058e-04	1.448675e-03	3.657115e-05
0.00941413    	9.625965e-03	1.149995e-03	3.224090e-04	1.440135e-03	3.642073e-05
0.00955427    	9.518440e-03	1.155081e-03	3.056810e-04	1.438915e-03	3.661702e-05
0.00969676    	9.800185e-03	1.160735e-03	2.899841e-04	1.437316e-03	3.701837e-05
0.00984125    	9.855642e-03	1.167396e-03	2.755678e-04	1.435865e-03	3.753235e-05
0.00998739    	1.001444e-02	1.176175e-03	2.634736e-04	1.434407e-03	3.824842e-05
0.0101348     	9.466250e-03	1.182160e-03	2.518239e-04	1.426955e-03	3.900013e-05
0.0102828     	9.583011e-03	1.187935e-03	2.419755e-04	1.414796e-03	3.970581e-05
0.0104311     	9.703119e-03	1.193546e-03	2.331126e-04	1.399702e-03	4.040973e-05
0.010579      	9.446537e-03	1.196632e-03	2.245846e-04	1.379767e-03	4.088522e-05
0.010726      	9.581784e-03	1.196599e-03	2.169147e-04	1.356523e-03	4.118945e-05
0.0108722     	9.417076e-03	1.201036e-03	2.105270e-04	1.337075e-03	4.153169e-05
0.0110177     	9.548734e-03	1.207554e-03	2.051314e-04	1.318928e-03	4.194317e-05
0.0111625     	9.391840e-03	1.215649e-03	2.007467e-04	1.304106e-03	4.237602e-05
0.0113069     	9.797491e-03	1.223151e-03	1.970893e-04	1.292008e-03	4.285263e-05
0.011451      	1.000109e-02	1.230644e-03	1.940085e-04	1.281466e-03	4.338957e-05
0.0115948     	9.952059e-03	1.240292e-03	1.913238e-04	1.271697e-03	4.394831e-05
0.0117384     	1.033668e-02	1.249433e-03	1.889261e-04	1.262274e-03	4.444855e-05
0.0118819     	1.057778e-02	1.258309e-03	1.867930e-04	1.253770e-03	4.487368e-05
0.0120252     	1.097336e-02	1.266048e-03	1.849415e-04	1.246892e-03	4.541263e-05
0.0121685     	1.116727e-02	1.272606e-03	1.830707e-04	1.239180e-03	4.595570e-05
0.0123116     	1.091329e-02	1.277688e-03	1.813597e-04	1.232737e-03	4.639995e-05
0.0124547     	1.125087e-02	1.280596e-03	1.799448e-04	1.225892e-03	4.673409e-05
0.0125976     	1.124285e-02	1.280500e-03	1.785487e-04	1.219304e-03	4.697745e-05
0.0127403     	1.113640e-02	1.278943e-03	1.774515e-04	1.213027e-03	4.718924e-05
0.0128829     	1.133957e-02	1.276405e-03	1.763141e-04	1.205379e-03	4.742487e-05
0.0130254     	1.111124e-02	1.273568e-03	1.754078e-04	1.199838e-03	4.763194e-05
0.0131677     	1.069635e-02	1.270244e-03	1.744112e-04	1.193335e-03	4.786655e-05
0.0133099     	1.079178e-02	1.264723e-03	1.735947e-04	1.188026e-03	4.810448e-05
0.013452      	1.077281e-02	1.257854e-03	1.726817e-04	1.181913e-03	4.832809e-05
0.013594      	1.090587e-02	1.250364e-03	1.719717e-04	1.177568e-03	4.840871e-05
0.0137359     	1.029993e-02	1.242005e-03	1.712604e-04	1.172519e-03	4.849888e-05
0.0138777     	1.046287e-02	1.233864e-03	1.705931e-04	1.168752e-03	4.860431e-05
0.0140194     	1.018128e-02	1.226503e-03	1.699925e-04	1.165054e-03	4.871597e-05
0.0141611     	1.015484e-02	1.219197e-03	1.694185e-04	1.162241e-03	4.881849e-05
0.0143028     	1.052445e-02	1.211272e-03	1.688327e-04	1.159999e-03	4.893545e-05
0.0144444     	1.028168e-02	1.204662e-03	1.683692e-04	1.159158e-03	4.907233e-05
0.0145861     	1.047831e-02	1.198587e-03	1.678122e-04	1.157799e-03	4.919883e-05
0.0147279     	1.052060e-02	1.191946e-03	1.672496e-04	1.158326e-03	4.936273e-05
0.0148697     	1.107941e-02	1.185257e-03	1.666581e-04	1.158089e-03	4.945284e-05
0.0150115     	2.274258e-02	1.180617e-03	1.668751e-04	1.159946e-03	4.961201e-05
0.0151534     	1.088734e-02	1.170769e-03	1.655660e-04	1.160483e-03	4.970689e-05
0.0152953     	1.044423e-02	1.163976e-03	1.648507e-04	1.162022e-03	4.984865e-05
0.0154374     	1.054640e-02	1.155705e-03	1.641312e-04	1.163938e-03	5.002160e-05
0.0155795     	1.018302e-02	1.148746e-03	1.634733e-04	1.165652e-03	5.019107e-05
0.0157217     	1.054196e-02	1.140500e-03	1.626155e-04	1.168422e-03	5.038195e-05
0.0158641     	1.019239e-02	1.132694e-03	1.617408e-04	1.171268e-03	5.057072e-05
0.0160065     	1.057618e-02	1.124575e-03	1.610174e-04	1.174092e-03	5.076266e-05
0.0161491     	1.069549e-02	1.116204e-03	1.602352e-04	1.177341e-03	5.093363e-05
0.0162917     	1.097680e-02	1.107889e-03	1.596069e-04	1.180332e-03	5.109074e-05
0.0164345     	1.151066e-02	1.098992e-03	1.589046e-04	1.183261e-03	5.119755e-05
0.0165773     	1.114553e-02	1.089598e-03	1.582864e-04	1.185405e-03	5.130113e-05
0.01672       	1.184214e-02	1.079651e-03	1.575972e-04	1.186764e-03	5.133411e-05
0.0168628     	1.153267e-02	1.069672e-03	1.569083e-04	1.187709e-03	5.131434e-05
0.0170054     	1.200104e-02	1.058999e-03	1.562914e-04	1.188455e-03	5.123402e-05
0.0171481     	1.233576e-02	1.047564e-03	1.557217e-04	1.187765e-03	5.112276e-05
0.0172906     	1.263702e-02	1.036562e-03	1.551438e-04	1.186389e-03	5.095898e-05
0.017433      	1.290871e-02	1.025718e-03	1.545435e-04	1.184551e-03	5.078891e-05
0.0175754     	1.259291e-02	1.015136e-03	1.538964e-04	1.180893e-03	5.057824e-05
0.0177178     	1.220768e-02	1.005342e-03	1.532421e-04	1.178284e-03	5.037276e-05
0.0178601     	1.233925e-02	9.961161e-04	1.527630e-04	1.173586e-03	5.014485e-05
0.0180025     	1.249510e-02	9.871055e-04	1.521991e-04	1.168248e-03	4.989935e-05
0.0181449     	1.214969e-02	9.786440e-04	1.516458e-04	1.162986e-03	4.964073e-05
0.0182874     	1.201490e-02	9.709889e-04	1.510053e-04	1.156497e-03	4.938141e-05
0.01843       	1.155218e-02	9.633874e-04	1.503370e-04	1.149057e-03	4.909374e-05
0.0185727     	1.120402e-02	9.569083e-04	1.495406e-04	1.140587e-03	4.880077e-05
0.0187154     	1.089355e-02	9.508017e-04	1.487296e-04	1.130906e-03	4.849433e-05
0.0188582     	1.068701e-02	9.446407e-04	1.477797e-04	1.120476e-03	4.819011e-05
0.0190012     	1.059512e-02	9.395626e-04	1.466888e-04	1.110075e-03	4.787952e-05
0.0191443     	1.066463e-02	9.345493e-04	1.454599e-04	1.098933e-03	4.755247e-05
0.0192876     	1.059039e-02	9.297092e-04	1.439890e-04	1.087982e-03	4.721120e-05
0.019431      	1.063578e-02	9.251021e-04	1.424551e-04	1.078001e-03	4.687277e-05
0.0195746     	1.064951e-02	9.209707e-04	1.408827e-04	1.067902e-03	4.655451e-05
0.0197185     	1.107440e-02	9.176833e-04	1.391432e-04	1.057896e-03	4.622498e-05
0.0198626     	1.130381e-02	9.140125e-04	1.374219e-04	1.047542e-03	4.589096e-05
0.0200068     	1.685824e-02	9.130298e-04	1.364352e-04	1.039843e-03	4.562359e-05
0.0201512     	1.068684e-02	9.102573e-04	1.342281e-04	1.027848e-03	4.529799e-05
0.0202958     	1.072124e-02	9.088048e-04	1.326844e-04	1.017299e-03	4.503730e-05
0.0204404     	1.065707e-02	9.083072e-04	1.313304e-04	1.007210e-03	4.475348e-05
0.0205851     	1.031438e-02	9.071418e-04	1.299351e-04	9.960667e-04	4.446271e-05
0.0207297     	1.054973e-02	9.076556e-04	1.287138e-04	9.851320e-04	4.418582e-05
0.0208742     	1.033526e-02	9.082521e-04	1.277433e-04	9.749627e-04	4.390430e-05
0.0210185     	1.066209e-02	9.089318e-04	1.268262e-04	9.645585e-04	4.362705e-05
0.0211627     	1.056391e-02	9.090810e-04	1.260667e-04	9.544624e-04	4.333913e-05
0.0213066     	1.142407e-02	9.093542e-04	1.254148e-04	9.446227e-04	4.305154e-05
0.0214504     	1.145145e-02	9.097740e-04	1.248744e-04	9.355460e-04	4.275699e-05
0.021594      	1.153784e-02	9.098972e-04	1.244292e-04	9.271158e-04	4.246447e-05
0.0217374     	1.223611e-02	9.102051e-04	1.239409e-04	9.190110e-04	4.216295e-05
0.0218807     	1.246761e-02	9.104496e-04	1.236195e-04	9.116244e-04	4.186806e-05
0.0220238     	1.298226e-02	9.105466e-04	1.233256e-04	9.045271e-04	4.159789e-05
0.0221669     	1.340491e-02	9.109093e-04	1.230073e-04	8.976694e-04	4.133095e-05
0.0223099     	1.302738e-02	9.109992e-04	1.226808e-04	8.908144e-04	4.108299e-05
0.0224529     	1.357239e-02	9.108357e-04	1.223879e-04	8.846267e-04	4.084609e-05
0.0225958     	1.353992e-02	9.105400e-04	1.221442e-04	8.783474e-04	4.061691e-05
0.0227386     	1.339196e-02	9.101392e-04	1.219098e-04	8.725265e-04	4.040788e-05
0.0228815     	1.351124e-02	9.088614e-04	1.215284e-04	8.666062e-04	4.020710e-05
0.0230243     	1.335002e-02	9.074871e-04	1.212353e-04	8.613947e-04	4.003249e-05
0.0231671     	1.248916e-02	9.065164e-04	1.210481e-04	8.561893e-04	3.988735e-05
0.0233099     	1.262233e-02	9.047524e-04	1.207801e-04	8.514411e-04	3.977324e-05
0.0234527     	1.236003e-02	9.026693e-04	1.204086e-04	8.472807e-04	3.965915e-05
0.0235955     	1.266352e-02	9.000705e-04	1.201117e-04	8.434433e-04	3.956978e-05
0.0237382     	1.179625e-02	8.969425e-04	1.197353e-04	8.398769e-04	3.948899e-05
0.0238808     	1.196106e-02	8.933818e-04	1.194318e-04	8.374942e-04	3.942414e-05
0.0240234     	1.130127e-02	8.898199e-04	1.191335e-04	8.355741e-04	3.938756e-05
0.0241661     	1.123941e-02	8.861308e-04	1.188130e-04	8.339647e-04	3.936562e-05
0.0243087     	1.168423e-02	8.820963e-04	1.184600e-04	8.334473e-04	3.936524e-05
0.0244513     	1.142778e-02	8.782987e-04	1.181395e-04	8.337747e-04	3.939610e-05
0.024594      	1.154574e-02	8.741001e-04	1.177349e-04	8.337844e-04	3.942446e-05
0.0247366     	1.193274e-02	8.699760e-04	1.173187e-04	8.342395e-04	3.946197e-05
0.0248793     	1.201713e-02	8.660849e-04	1.167889e-04	8.350334e-04	3.948899e-05
0.0250219     	2.339160e-02	8.625413e-04	1.165305e-04	8.365368e-04	3.958415e-05
0.0251645     	1.234085e-02	8.579119e-04	1.162683e-04	8.375275e-04	3.961108e-05
0.0253071     	1.222972e-02	8.543877e-04	1.158545e-04	8.390570e-04	3.971664e-05
0.0254497     	1.185297e-02	8.500231e-04	1.154855e-04	8.405837e-04	3.980138e-05
0.0255923     	1.218175e-02	8.459697e-04	1.150816e-04	8.422090e-04	3.989629e-05
0.0257348     	1.215415e-02	8.413489e-04	1.146154e-04	8.438919e-04	4.000621e-05
0.0258773     	1.207568e-02	8.366631e-04	1.142605e-04	8.452989e-04	4.012621e-05
0.0260197     	1.247435e-02	8.320883e-04	1.138539e-04	8.469187e-04	4.024057e-05
0.0261619     	1.237352e-02	8.273410e-04	1.135582e-04	8.490442e-04	4.034652e-05
0.0263041     	1.351096e-02	8.228393e-04	1.132535e-04	8.516196e-04	4.047227e-05
0.0264463     	1.336439e-02	8.187178e-04	1.130072e-04	8.540300e-04	4.059471e-05
0.0265884     	1.330504e-02	8.146874e-04	1.128141e-04	8.562501e-04	4.071520e-05
0.0267304     	1.416782e-02	8.105331e-04	1.126015e-04	8.585059e-04	4.083340e-05
0.0268724     	1.430999e-02	8.065031e-04	1.123720e-04	8.609025e-04	4.095038e-05
0.0270144     	1.453871e-02	8.027663e-04	1.122367e-04	8.629366e-04	4.107900e-05
0.0271563     	1.516379e-02	7.994205e-04	1.121326e-04	8.649647e-04	4.119493e-05
0.0272982     	1.533259e-02	7.957293e-04	1.119574e-04	8.663017e-04	4.130792e-05
0.0274401     	1.565505e-02	7.926939e-04	1.119720e-04	8.673929e-04	4.142664e-05
0.0275819     	1.541901e-02	7.899526e-04	1.116263e-04	8.680336e-04	4.153106e-05
0.0277238     	1.493428e-02	7.876509e-04	1.114606e-04	8.686340e-04	4.162612e-05
0.0278657     	1.520258e-02	7.850439e-04	1.112582e-04	8.686454e-04	4.172169e-05
0.0280076     	1.536060e-02	7.831395e-04	1.110710e-04	8.684609e-04	4.181915e-05
0.0281496     	1.465186e-02	7.811302e-04	1.108039e-04	8.669214e-04	4.190627e-05
0.0282916     	1.444398e-02	7.794853e-04	1.105942e-04	8.651215e-04	4.197445e-05
0.0284337     	1.368709e-02	7.779100e-04	1.102079e-04	8.632262e-04	4.203417e-05
0.0285757     	1.332057e-02	7.770286e-04	1.099426e-04	8.607864e-04	4.207213e-05
0.0287177     	1.288260e-02	7.758391e-04	1.095725e-04	8.576087e-04	4.208536e-05
0.0288597     	1.263012e-02	7.747516e-04	1.092611e-04	8.536879e-04	4.207158e-05
0.0290017     	1.235933e-02	7.745605e-04	1.088715e-04	8.494807e-04	4.204618e-05
0.0291436     	1.252309e-02	7.742221e-04	1.083748e-04	8.447218e-04	4.201023e-05
0.0292855     	1.241946e-02	7.744035e-04	1.079272e-04	8.398871e-04	4.196273e-05
0.0294274     	1.224353e-02	7.746613e-04	1.074761e-04	8.353839e-04	4.191433e-05
0.0295693     	1.242481e-02	7.742898e-04	1.069535e-04	8.303780e-04	4.182409e-05
0.029711      	1.241217e-02	7.744751e-04	1.063269e-04	8.259535e-04	4.172208e-05
0.0298527     	1.215810e-02	7.746251e-04	1.058309e-04	8.209357e-04	4.158813e-05
0.0299944     	1.266996e-02	7.751016e-04	1.058369e-04	8.165992e-04	4.143404e-05
0.0301359     	1.158141e-02	7.754902e-04	1.046849e-04	8.100514e-04	4.131100e-05
0.0302773     	1.166316e-02	7.759344e-04	1.042110e-04	8.043539e-04	4.114925e-05
0.0304187     	1.196287e-02	7.770327e-04	1.037373e-04	7.991020e-04	4.096725e-05
0.0305599     	1.150024e-02	7.780119e-04	1.032528e-04	7.936732e-04	4.078467e-05
0.0307011     	1.207416e-02	7.794929e-04	1.028678e-04	7.885746e-04	4.059729e-05
0.0308422     	1.167651e-02	7.814765e-04	1.025589e-04	7.837977e-04	4.039746e-05
0.0309833     	1.206965e-02	7.835469e-04	1.022737e-04	7.793037e-04	4.021324e-05
0.0311245     	1.262417e-02	7.857752e-04	1.020962e-04	7.750743e-04	4.001991e-05
0.0312657     	1.281428e-02	7.882418e-04	1.020264e-04	7.713214e-04	3.983404e-05
0.031407      	1.338214e-02	7.911599e-04	1.020007e-04	7.679211e-04	3.965433e-05
0.0315484     	1.314829e-02	7.940639e-04	1.020288e-04	7.648356e-04	3.947777e-05
0.03169       	1.347074e-02	7.972754e-04	1.021338e-04	7.617224e-04	3.930868e-05
0.0318318     	1.403063e-02	7.999269e-04	1.022166e-04	7.589777e-04	3.913774e-05
0.0319737     	1.484329e-02	8.027337e-04	1.023782e-04	7.562821e-04	3.897092e-05
0.0321158     	1.587809e-02	8.050679e-04	1.024692e-04	7.537275e-04	3.880085e-05
0.0322581     	1.532187e-02	8.068723e-04	1.025452e-04	7.510231e-04	3.861075e-05
0.0324005     	1.535224e-02	8.081141e-04	1.026148e-04	7.487067e-04	3.841384e-05
0.0325431     	1.516173e-02	8.091896e-04	1.026584e-04	7.463878e-04	3.821385e-05
0.0326859     	1.541381e-02	8.096275e-04	1.026320e-04	7.442670e-04	3.801178e-05
0.0328287     	1.500995e-02	8.094981e-04	1.026152e-04	7.424046e-04	3.779798e-05
0.0329717     	1.413985e-02	8.089575e-04	1.025931e-04	7.407110e-04	3.759087e-05
0.0331148     	1.400347e-02	8.078088e-04	1.024088e-04	7.388564e-04	3.739527e-05
0.0332579     	1.383725e-02	8.060557e-04	1.022218e-04	7.379018e-04	3.719373e-05
0.0334011     	1.353032e-02	8.043186e-04	1.019716e-04	7.366000e-04	3.699209e-05
0.0335443     	1.340198e-02	8.016619e-04	1.017123e-04	7.357338e-04	3.680354e-05
0.0336875     	1.294144e-02	7.990682e-04	1.014659e-04	7.355065e-04	3.662236e-05
0.0338307     	1.251256e-02	7.961924e-04	1.012007e-04	7.352859e-04	3.645211e-05
0.033974      	1.202864e-02	7.933215e-04	1.010328e-04	7.359705e-04	3.629570e-05
0.0341173     	1.198994e-02	7.901417e-04	1.007789e-04	7.367149e-04	3.614896e-05
0.0342606     	1.176713e-02	7.872781e-04	1.005449e-04	7.377289e-04	3.600243e-05
0.0344038     	1.177039e-02	7.847819e-04	1.003482e-04	7.390736e-04	3.587368e-05
0.0345472     	1.133571e-02	7.818984e-04	1.001515e-04	7.408955e-04	3.576296e-05
0.0346905     	1.141788e-02	7.795015e-04	9.994076e-05	7.427722e-04	3.566628e-05
0.034834      	1.140155e-02	7.765818e-04	9.979438e-05	7.442153e-04	3.558323e-05
0.0349774     	1.070863e-02	7.739895e-04	9.979763e-05	7.454841e-04	3.547749e-05
0.0351208     	1.071410e-02	7.704510e-04	9.923919e-05	7.472204e-04	3.544430e-05
0.0352642     	1.134438e-02	7.669451e-04	9.913476e-05	7.488263e-04	3.535733e-05
0.0354076     	1.160415e-02	7.632858e-04	9.901864e-05	7.509880e-04	3.532079e-05
0.0355511     	1.151953e-02	7.601502e-04	9.891582e-05	7.531331e-04	3.530669e-05
0.0356946     	1.206312e-02	7.569694e-04	9.881991e-05	7.549455e-04	3.530041e-05
0.0358381     	1.151011e-02	7.535380e-04	9.868807e-05	7.562126e-04	3.529449e-05
0.0359817     	1.195801e-02	7.503671e-04	9.861011e-05	7.576116e-04	3.530410e-05
0.0361252     	1.261535e-02	7.470914e-04	9.852478e-05	7.590240e-04	3.531554e-05
0.0362687     	1.240504e-02	7.437140e-04	9.842118e-05	7.603303e-04	3.533054e-05
0.0364123     	1.329582e-02	7.401402e-04	9.835332e-05	7.613732e-04	3.537743e-05
0.0365558     	1.301010e-02	7.371329e-04	9.833811e-05	7.623569e-04	3.542392e-05
0.0366994     	1.361242e-02	7.337855e-04	9.830838e-05	7.632016e-04	3.547699e-05
0.0368429     	1.422187e-02	7.308802e-04	9.825432e-05	7.636636e-04	3.552667e-05
0.0369864     	1.413901e-02	7.280532e-04	9.816994e-05	7.642036e-04	3.557717e-05
0.0371299     	1.465143e-02	7.256015e-04	9.812207e-05	7.644732e-04	3.564108e-05
0.0372735     	1.476721e-02	7.232720e-04	9.811747e-05	7.646578e-04	3.571019e-05
0.037417      	1.518574e-02	7.210584e-04	9.813806e-05	7.645397e-04	3.577883e-05
0.0375606     	1.553315e-02	7.186498e-04	9.814047e-05	7.639973e-04	3.584057e-05
0.0377042     	1.496159e-02	7.169205e-04	9.809263e-05	7.629508e-04	3.590138e-05
0.0378479     	1.459890e-02	7.152028e-04	9.802830e-05	7.614580e-04	3.595877e-05
0.0379915     	1.385026e-02	7.137337e-04	9.804525e-05	7.601149e-04	3.602599e-05
0.0381352     	1.414355e-02	7.124215e-04	9.797535e-05	7.583304e-04	3.606729e-05
0.0382789     	1.394622e-02	7.110566e-04	9.790790e-05	7.561292e-04	3.609944e-05
0.0384225     	1.324794e-02	7.097218e-04	9.776092e-05	7.528665e-04	3.611067e-05
0.038566      	1.263384e-02	7.089104e-04	9.766269e-05	7.498118e-04	3.611505e-05
0.0387095     	1.242726e-02	7.085230e-04	9.755287e-05	7.468784e-04	3.612554e-05
0.0388529     	1.200807e-02	7.081255e-04	9.743329e-05	7.439236e-04	3.613818e-05
0.0389963     	1.164719e-02	7.082514e-04	9.732533e-05	7.405292e-04	3.614409e-05
0.0391397     	1.152909e-02	7.089599e-04	9.713351e-05	7.372286e-04	3.615594e-05
0.039283      	1.140937e-02	7.096181e-04	9.699681e-05	7.339463e-04	3.616164e-05
0.0394263     	1.135502e-02	7.104244e-04	9.686924e-05	7.308224e-04	3.616716e-05
0.0395695     	1.146878e-02	7.113785e-04	9.670872e-05	7.277338e-04	3.617962e-05
0.0397127     	1.139920e-02	7.118358e-04	9.646345e-05	7.245185e-04	3.619679e-05
0.0398559     	1.146320e-02	7.122109e-04	9.629857e-05	7.213090e-04	3.617599e-05
0.039999      	1.223279e-02	7.127570e-04	9.635360e-05	7.193817e-04	3.620644e-05
0.040142      	1.087046e-02	7.123763e-04	9.578725e-05	7.148710e-04	3.620333e-05
0.040285      	1.090542e-02	7.123192e-04	9.545998e-05	7.115010e-04	3.618318e-05
0.040428      	1.092283e-02	7.118213e-04	9.520569e-05	7.082332e-04	3.618214e-05
0.0405708     	1.045572e-02	7.108568e-04	9.484391e-05	7.053058e-04	3.618108e-05
0.0407137     	1.088172e-02	7.101290e-04	9.452946e-05	7.027578e-04	3.617948e-05
0.0408565     	1.077299e-02	7.087566e-04	9.423530e-05	7.001919e-04	3.616160e-05
0.0409993     	1.098200e-02	7.073633e-04	9.392746e-05	6.976036e-04	3.614719e-05
0.041142      	1.112918e-02	7.059404e-04	9.370053e-05	6.952439e-04	3.612780e-05
0.0412847     	1.117430e-02	7.043312e-04	9.350998e-05	6.929722e-04	3.610697e-05
0.0414273     	1.215408e-02	7.026884e-04	9.335400e-05	6.909470e-04	3.610932e-05
0.0415699     	1.224581e-02	7.011781e-04	9.322784e-05	6.890518e-04	3.613523e-05
0.0417125     	1.269525e-02	6.997848e-04	9.318711e-05	6.872274e-04	3.615804e-05
0.041855      	1.264567e-02	6.988048e-04	9.322065e-05	6.849718e-04	3.618314e-05
0.0419974     	1.266015e-02	6.979111e-04	9.321488e-05	6.830899e-04	3.619591e-05
0.0421398     	1.299542e-02	6.971707e-04	9.331470e-05	6.811500e-04	3.620170e-05
0.042282      	1.373181e-02	6.966045e-04	9.335488e-05	6.793168e-04	3.619133e-05
0.0424242     	1.383592e-02	6.957011e-04	9.344545e-05	6.778145e-04	3.615336e-05
0.0425664     	1.385238e-02	6.947233e-04	9.360347e-05	6.763421e-04	3.610163e-05
0.0427085     	1.332940e-02	6.935857e-04	9.365652e-05	6.751929e-04	3.602986e-05
0.0428506     	1.302302e-02	6.917418e-04	9.372323e-05	6.738884e-04	3.593115e-05
0.0429926     	1.260899e-02	6.895956e-04	9.374960e-05	6.730702e-04	3.583412e-05
0.0431347     	1.259957e-02	6.875924e-04	9.377340e-05	6.724977e-04	3.573580e-05
0.0432767     	1.243435e-02	6.853853e-04	9.378189e-05	6.723105e-04	3.564043e-05
0.0434189     	1.195775e-02	6.830118e-04	9.382646e-05	6.723042e-04	3.554747e-05
0.0435612     	1.133137e-02	6.808439e-04	9.386295e-05	6.731722e-04	3.546611e-05
0.0437037     	1.104690e-02	6.784700e-04	9.386132e-05	6.739242e-04	3.537253e-05
0.0438462     	1.089002e-02	6.761497e-04	9.382001e-05	6.748508e-04	3.527777e-05
0.0439888     	1.036809e-02	6.736487e-04	9.381503e-05	6.754951e-04	3.518038e-05
0.0441315     	1.022448e-02	6.714451e-04	9.382234e-05	6.764472e-04	3.509079e-05
0.0442742     	9.910739e-03	6.691712e-04	9.374987e-05	6.774251e-04	3.500243e-05
0.044417      	9.792647e-03	6.670904e-04	9.378259e-05	6.787224e-04	3.491741e-05
0.0445599     	9.722609e-03	6.648101e-04	9.378149e-05	6.800570e-04	3.483520e-05
0.0447029     	9.862126e-03	6.628310e-04	9.377916e-05	6.811051e-04	3.475459e-05
0.0448459     	9.711982e-03	6.605138e-04	9.380135e-05	6.820598e-04	3.467606e-05
0.044989      	9.351019e-03	6.590479e-04	9.401829e-05	6.830873e-04	3.459710e-05
0.0451322     	9.039017e-03	6.561018e-04	9.382393e-05	6.841082e-04	3.454559e-05
0.0452754     	9.183993e-03	6.535477e-04	9.377334e-05	6.850833e-04	3.445388e-05
0.0454187     	9.448709e-03	6.513001e-04	9.385360e-05	6.862667e-04	3.438501e-05
0.0455621     	9.208402e-03	6.492036e-04	9.388723e-05	6.871069e-04	3.433301e-05
0.0457056     	9.714979e-03	6.472073e-04	9.399960e-05	6.878062e-04	3.429189e-05
0.0458492     	9.662794e-03	6.454766e-04	9.402610e-05	6.886367e-04	3.425630e-05
0.0459929     	1.004363e-02	6.436845e-04	9.408116e-05	6.893133e-04	3.423581e-05
0.0461367     	1.006004e-02	6.421319e-04	9.422221e-05	6.899680e-04	3.421080e-05
0.0462806     	1.005428e-02	6.404548e-04	9.430550e-05	6.903923e-04	3.418849e-05
0.0464246     	1.094255e-02	6.384636e-04	9.441300e-05	6.907055e-04	3.418738e-05
0.0465687     	1.113395e-02	6.368477e-04	9.448742e-05	6.907063e-04	3.417622e-05
0.0467129     	1.167036e-02	6.351817e-04	9.452429e-05	6.905725e-04	3.416975e-05
0.0468571     	1.138041e-02	6.334268e-04	9.457845e-05	6.902212e-04	3.417780e-05
0.0470013     	1.146915e-02	6.319049e-04	9.462069e-05	6.897950e-04	3.418507e-05
0.0471456     	1.189038e-02	6.306945e-04	9.472698e-05	6.890040e-04	3.419210e-05
0.0472899     	1.224542e-02	6.292443e-04	9.475071e-05	6.881055e-04	3.420784e-05
0.0474343     	1.273084e-02	6.281157e-04	9.485391e-05	6.870289e-04	3.422797e-05
0.0475786     	1.242591e-02	6.270795e-04	9.490490e-05	6.856006e-04	3.426407e-05
0.0477229     	1.201132e-02	6.261556e-04	9.495006e-05	6.838608e-04	3.430657e-05
0.0478672     	1.207670e-02	6.253914e-04	9.499654e-05	6.819879e-04	3.434062e-05
0.0480115     	1.248362e-02	6.244680e-04	9.499926e-05	6.797199e-04	3.436832e-05
0.0481556     	1.151545e-02	6.237723e-04	9.499735e-05	6.770726e-04	3.437742e-05
0.0482996     	1.093397e-02	6.233579e-04	9.502111e-05	6.742388e-04	3.440055e-05
0.0484435     	1.075442e-02	6.233837e-04	9.497314e-05	6.711099e-04	3.443117e-05
0.0485873     	1.065035e-02	6.235774e-04	9.500292e-05	6.686767e-04	3.447472e-05
0.0487311     	1.009038e-02	6.240549e-04	9.499589e-05	6.662272e-04	3.451512e-05
0.0488747     	9.869797e-03	6.248501e-04	9.498703e-05	6.636119e-04	3.455506e-05
0.0490183     	9.484945e-03	6.258366e-04	9.497962e-05	6.609189e-04	3.459747e-05
0.0491618     	9.437237e-03	6.269320e-04	9.494874e-05	6.584599e-04	3.466020e-05
0.0493053     	9.616309e-03	6.280554e-04	9.494398e-05	6.563410e-04	3.472875e-05
0.0494487     	9.359030e-03	6.291302e-04	9.495677e-05	6.543975e-04	3.480190e-05
0.0495921     	9.422845e-03	6.300898e-04	9.493286e-05	6.521232e-04	3.488412e-05
0.0497356     	9.478536e-03	6.308616e-04	9.486375e-05	6.498399e-04	3.496468e-05
0.049879      	9.618266e-03	6.314325e-04	9.475198e-05	6.476050e-04	3.504770e-05
0.0500224     	1.543988e-02	6.323896e-04	9.469883e-05	6.460791e-04	3.520100e-05
0.0501658     	9.713651e-03	6.322265e-04	9.464713e-05	6.440969e-04	3.527823e-05
0.0503093     	9.531869e-03	6.324272e-04	9.441490e-05	6.425047e-04	3.539479e-05
0.0504528     	9.038135e-03	6.323690e-04	9.424705e-05	6.406473e-04	3.549819e-05
0.0505964     	9.316832e-03	6.322423e-04	9.407613e-05	6.392037e-04	3.563090e-05
0.05074       	9.012594e-03	6.318658e-04	9.388415e-05	6.376462e-04	3.575394e-05
0.0508837     	9.081522e-03	6.314138e-04	9.368022e-05	6.364631e-04	3.587206e-05
0.0510275     	9.100517e-03	6.306553e-04	9.347614e-05	6.349643e-04	3.598715e-05
0.0511713     	9.287338e-03	6.295930e-04	9.331683e-05	6.336855e-04	3.610144e-05
0.0513151     	9.797984e-03	6.283626e-04	9.314400e-05	6.322667e-04	3.621096e-05
0.0514588     	9.688104e-03	6.268483e-04	9.301466e-05	6.306063e-04	3.632203e-05
0.0516025     	9.879195e-03	6.252816e-04	9.293212e-05	6.289889e-04	3.644993e-05
0.051746      	1.025448e-02	6.234886e-04	9.287114e-05	6.274288e-04	3.658205e-05
0.0518894     	1.049785e-02	6.216415e-04	9.286391e-05	6.256106e-04	3.670024e-05
0.0520326     	1.149523e-02	6.198966e-04	9.290799e-05	6.235718e-04	3.681771e-05
0.0521756     	1.119284e-02	6.185257e-04	9.289744e-05	6.217357e-04	3.693359e-05
0.0523184     	1.121896e-02	6.169673e-04	9.292148e-05	6.200117e-04	3.704343e-05
0.052461      	1.133198e-02	6.153058e-04	9.295321e-05	6.182656e-04	3.712720e-05
0.0526034     	1.148146e-02	6.136026e-04	9.304477e-05	6.165931e-04	3.719754e-05
0.0527456     	1.128431e-02	6.120324e-04	9.313309e-05	6.151315e-04	3.726439e-05
0.0528876     	1.083094e-02	6.100533e-04	9.325351e-05	6.138669e-04	3.730565e-05
0.0530295     	1.071781e-02	6.080553e-04	9.335441e-05	6.127532e-04	3.735370e-05
0.0531713     	1.030859e-02	6.062521e-04	9.352738e-05	6.121178e-04	3.738993e-05
0.053313      	9.969039e-03	6.039893e-04	9.367527e-05	6.117151e-04	3.742701e-05
0.0534547     	9.796889e-03	6.021124e-04	9.384824e-05	6.115254e-04	3.749105e-05
0.0535965     	9.846273e-03	6.004375e-04	9.405921e-05	6.120612e-04	3.756937e-05
0.0537384     	9.368725e-03	5.987833e-04	9.420824e-05	6.126115e-04	3.765584e-05
0.0538805     	9.220523e-03	5.973211e-04	9.437424e-05	6.133732e-04	3.773947e-05
0.0540226     	8.854785e-03	5.957772e-04	9.451596e-05	6.141479e-04	3.781631e-05
0.0541649     	8.787743e-03	5.945609e-04	9.463843e-05	6.149306e-04	3.789864e-05
0.0543072     	9.011323e-03	5.933868e-04	9.474360e-05	6.157825e-04	3.797693e-05
0.0544497     	8.901897e-03	5.922247e-04	9.480835e-05	6.165556e-04	3.804800e-05
0.0545922     	8.770754e-03	5.911248e-04	9.487086e-05	6.170450e-04	3.811484e-05
0.0547348     	8.819004e-03	5.897107e-04	9.490715e-05	6.173768e-04	3.817653e-05
0.0548775     	8.812955e-03	5.884517e-04	9.496761e-05	6.178378e-04	3.823644e-05
0.0550203     	1.534489e-02	5.879411e-04	9.511987e-05	6.185226e-04	3.831725e-05
0.0551631     	9.253661e-03	5.858895e-04	9.517185e-05	6.183676e-04	3.837946e-05
0.0553059     	8.984702e-03	5.848187e-04	9.515331e-05	6.185800e-04	3.843405e-05
0.0554489     	8.493883e-03	5.832252e-04	9.523864e-05	6.186691e-04	3.848574e-05
0.0555919     	8.743349e-03	5.820022e-04	9.534481e-05	6.187177e-04	3.856184e-05
0.0557351     	8.453855e-03	5.807668e-04	9.540993e-05	6.186953e-04	3.864236e-05
0.0558783     	8.630676e-03	5.796949e-04	9.552357e-05	6.187051e-04	3.872433e-05
0.0560216     	8.771485e-03	5.783180e-04	9.560350e-05	6.185225e-04	3.879729e-05
0.056165      	8.877302e-03	5.770332e-04	9.570109e-05	6.182357e-04	3.887971e-05
0.0563085     	9.483086e-03	5.757630e-04	9.578557e-05	6.178052e-04	3.897112e-05
0.0564521     	9.380059e-03	5.742898e-04	9.584611e-05	6.171099e-04	3.905365e-05
0.0565957     	9.379623e-03	5.728568e-04	9.593425e-05	6.163128e-04	3.913119e-05
0.0567393     	9.787265e-03	5.712886e-04	9.597129e-05	6.153720e-04	3.921014e-05
0.0568829     	9.975421e-03	5.696529e-04	9.600677e-05	6.140499e-04	3.927793e-05
0.0570266     	1.067424e-02	5.683485e-04	9.605608e-05	6.127795e-04	3.934440e-05
0.0571702     	1.060203e-02	5.671189e-04	9.608171e-05	6.113338e-04	3.941150e-05
0.0573138     	1.045412e-02	5.658466e-04	9.611614e-05	6.096703e-04	3.947353e-05
0.0574575     	1.080549e-02	5.647177e-04	9.612211e-05	6.079910e-04	3.952861e-05
0.0576011     	1.077356e-02	5.634419e-04	9.613197e-05	6.060929e-04	3.958094e-05
0.0577447     	1.076921e-02	5.624035e-04	9.612235e-05	6.039810e-04	3.963826e-05
0.0578882     	1.032126e-02	5.613501e-04	9.610601e-05	6.017593e-04	3.967836e-05
0.0580317     	1.018482e-02	5.603242e-04	9.606622e-05	5.992772e-04	3.970721e-05
0.0581751     	9.849631e-03	5.595819e-04	9.604500e-05	5.969702e-04	3.973327e-05
0.0583184     	9.636806e-03	5.588934e-04	9.598566e-05	5.946839e-04	3.975111e-05
0.0584616     	9.320738e-03	5.583909e-04	9.594909e-05	5.921044e-04	3.978079e-05
0.0586048     	9.200939e-03	5.584515e-04	9.594585e-05	5.899465e-04	3.981533e-05
0.0587479     	9.059804e-03	5.585396e-04	9.591241e-05	5.880368e-04	3.984385e-05
0.058891      	8.685308e-03	5.589321e-04	9.589720e-05	5.862663e-04	3.988903e-05
0.059034      	8.588577e-03	5.593921e-04	9.586416e-05	5.842365e-04	3.993252e-05
0.059177      	8.441811e-03	5.598555e-04	9.581676e-05	5.822138e-04	3.997223e-05
0.05932       	8.250102e-03	5.605351e-04	9.579520e-05	5.806243e-04	4.002812e-05
0.059463      	8.062934e-03	5.613399e-04	9.577495e-05	5.790539e-04	4.008107e-05
0.059606      	8.118804e-03	5.622038e-04	9.571899e-05	5.773529e-04	4.013814e-05
0.059749      	8.001276e-03	5.626412e-04	9.562980e-05	5.754810e-04	4.018837e-05
0.059892      	7.624833e-03	5.628642e-04	9.550267e-05	5.736041e-04	4.020461e-05
0.060035      	9.238856e-03	5.636534e-04	9.535696e-05	5.719822e-04	4.029746e-05
0.060178      	8.552709e-03	5.636971e-04	9.543684e-05	5.706062e-04	4.033245e-05
0.0603211     	8.353637e-03	5.640492e-04	9.523275e-05	5.691925e-04	4.038047e-05
0.0604642     	8.141487e-03	5.642992e-04	9.508251e-05	5.676371e-04	4.042581e-05
0.0606074     	8.303531e-03	5.645663e-04	9.493797e-05	5.662484e-04	4.048103e-05
0.0607506     	7.910617e-03	5.645396e-04	9.478068e-05	5.650266e-04	4.052526e-05
0.0608938     	8.232961e-03	5.644135e-04	9.462429e-05	5.639335e-04	4.056511e-05
0.0610372     	8.218287e-03	5.641791e-04	9.443666e-05	5.627734e-04	4.059386e-05
0.0611805     	8.405766e-03	5.637320e-04	9.424871e-05	5.616977e-04	4.061247e-05
0.0613239     	8.713800e-03	5.632663e-04	9.406658e-05	5.605992e-04	4.062969e-05
0.0614673     	8.510555e-03	5.626350e-04	9.388327e-05	5.594393e-04	4.063975e-05
0.0616107     	9.218624e-03	5.618057e-04	9.374635e-05	5.583971e-04	4.065222e-05
0.0617541     	9.230379e-03	5.606610e-04	9.360145e-05	5.575032e-04	4.066633e-05
0.0618973     	9.440876e-03	5.594493e-04	9.348988e-05	5.565235e-04	4.067694e-05
0.0620404     	1.043686e-02	5.582439e-04	9.340747e-05	5.554283e-04	4.069608e-05
0.0621835     	9.869989e-03	5.569835e-04	9.337399e-05	5.544192e-04	4.071359e-05
0.0623264     	1.023372e-02	5.557147e-04	9.335528e-05	5.535071e-04	4.073157e-05
0.0624691     	1.017582e-02	5.542276e-04	9.335329e-05	5.528029e-04	4.073996e-05
0.0626118     	1.034842e-02	5.526755e-04	9.337680e-05	5.519574e-04	4.074378e-05
0.0627542     	9.999418e-03	5.513194e-04	9.342101e-05	5.509777e-04	4.075006e-05
0.0628966     	9.581492e-03	5.499887e-04	9.347323e-05	5.502517e-04	4.074666e-05
0.0630388     	9.260519e-03	5.484415e-04	9.353335e-05	5.496038e-04	4.073477e-05
0.063181      	9.449724e-03	5.471241e-04	9.364646e-05	5.492377e-04	4.073148e-05
0.063323      	9.269224e-03	5.456850e-04	9.374480e-05	5.490000e-04	4.072849e-05
0.0634649     	8.852948e-03	5.442324e-04	9.382894e-05	5.486598e-04	4.074782e-05
0.0636069     	8.727747e-03	5.431290e-04	9.394833e-05	5.489519e-04	4.078813e-05
0.0637488     	8.622419e-03	5.423048e-04	9.410526e-05	5.493827e-04	4.084207e-05
0.0638908     	8.300822e-03	5.418104e-04	9.424645e-05	5.500638e-04	4.092220e-05
0.0640329     	8.190015e-03	5.413413e-04	9.437530e-05	5.507295e-04	4.099614e-05
0.0641751     	8.042784e-03	5.408024e-04	9.446192e-05	5.512700e-04	4.108744e-05
0.0643173     	7.942364e-03	5.404872e-04	9.454001e-05	5.520887e-04	4.119250e-05
0.0644596     	7.800104e-03	5.401785e-04	9.464210e-05	5.530032e-04	4.129059e-05
0.0646021     	7.844344e-03	5.399090e-04	9.471268e-05	5.539040e-04	4.139565e-05
0.0647446     	7.757857e-03	5.392838e-04	9.475385e-05	5.545258e-04	4.149818e-05
0.0648872     	7.451490e-03	5.386506e-04	9.475485e-05	5.551496e-04	4.158012e-05
0.0650299     	1.011438e-02	5.381257e-04	9.468775e-05	5.560804e-04	4.172817e-05
0.0651726     	8.236272e-03	5.375528e-04	9.488107e-05	5.561294e-04	4.180078e-05
0.0653153     	8.138258e-03	5.372211e-04	9.487194e-05	5.565546e-04	4.190161e-05
0.0654582     	7.840463e-03	5.363040e-04	9.487828e-05	5.568603e-04	4.200749e-05
0.0656011     	8.079896e-03	5.356175e-04	9.492170e-05	5.571631e-04	4.212654e-05
0.065744      	7.795291e-03	5.347577e-04	9.496812e-05	5.575039e-04	4.225209e-05
0.0658871     	8.001438e-03	5.342407e-04	9.500106e-05	5.576645e-04	4.238275e-05
0.0660302     	7.978038e-03	5.334643e-04	9.502302e-05	5.577321e-04	4.250830e-05
0.0661733     	8.057599e-03	5.326184e-04	9.505374e-05	5.576195e-04	4.262168e-05
0.0663165     	8.581768e-03	5.317712e-04	9.511107e-05	5.576242e-04	4.274703e-05
0.0664598     	8.424888e-03	5.310116e-04	9.515601e-05	5.573975e-04	4.288028e-05
0.0666031     	8.694211e-03	5.301954e-04	9.517366e-05	5.569325e-04	4.299990e-05
0.0667464     	8.945722e-03	5.293464e-04	9.518363e-05	5.563646e-04	4.311599e-05
0.0668897     	9.140780e-03	5.282986e-04	9.518389e-05	5.554885e-04	4.322814e-05
0.0670329     	9.895729e-03	5.273168e-04	9.516409e-05	5.546687e-04	4.334893e-05
0.0671761     	9.677850e-03	5.264848e-04	9.515851e-05	5.538696e-04	4.346421e-05
0.0673194     	9.569236e-03	5.256975e-04	9.516687e-05	5.528658e-04	4.358000e-05
0.0674626     	9.755416e-03	5.249726e-04	9.517212e-05	5.517650e-04	4.369821e-05
0.0676057     	9.830672e-03	5.242653e-04	9.515083e-05	5.504741e-04	4.379748e-05
0.0677489     	9.701806e-03	5.234430e-04	9.510907e-05	5.491735e-04	4.389705e-05
0.067892      	9.316680e-03	5.228934e-04	9.506304e-05	5.478628e-04	4.400190e-05
0.068035      	9.080686e-03	5.222822e-04	9.499019e-05	5.462829e-04	4.409806e-05
0.068178      	8.985376e-03	5.218532e-04	9.493053e-05	5.447898e-04	4.419824e-05
0.0683209     	8.897102e-03	5.215281e-04	9.486508e-05	5.433513e-04	4.429232e-05
0.0684637     	8.540657e-03	5.210673e-04	9.476805e-05	5.417740e-04	4.438761e-05
0.0686064     	8.415280e-03	5.209642e-04	9.469472e-05	5.403651e-04	4.448883e-05
0.068749      	8.408464e-03	5.211154e-04	9.464315e-05	5.393539e-04	4.459968e-05
0.0688916     	8.099522e-03	5.214624e-04	9.459478e-05	5.385751e-04	4.472060e-05
0.0690342     	7.890353e-03	5.218882e-04	9.453817e-05	5.376597e-04	4.483460e-05
0.0691767     	7.859395e-03	5.223838e-04	9.447082e-05	5.366118e-04	4.494592e-05
0.0693192     	7.757340e-03	5.229646e-04	9.441331e-05	5.356104e-04	4.506582e-05
0.0694617     	7.533220e-03	5.237814e-04	9.435850e-05	5.347984e-04	4.519062e-05
0.0696042     	7.664332e-03	5.244391e-04	9.432026e-05	5.339132e-04	4.530954e-05
0.0697468     	7.584142e-03	5.249105e-04	9.425282e-05	5.327502e-04	4.542575e-05
0.0698893     	7.178147e-03	5.254991e-04	9.414103e-05	5.315675e-04	4.551827e-05
0.0700318     	9.481486e-03	5.263748e-04	9.399860e-05	5.304242e-04	4.565792e-05
0.0701744     	7.919301e-03	5.266823e-04	9.409819e-05	5.298042e-04	4.576999e-05
0.0703169     	7.750437e-03	5.270414e-04	9.393202e-05	5.289686e-04	4.586203e-05
0.0704596     	7.531483e-03	5.273074e-04	9.383133e-05	5.279042e-04	4.594681e-05
0.0706022     	7.749200e-03	5.276620e-04	9.373804e-05	5.270035e-04	4.603801e-05
0.0707449     	7.509593e-03	5.279140e-04	9.366331e-05	5.261005e-04	4.612005e-05
0.0708876     	7.670430e-03	5.280189e-04	9.356512e-05	5.253883e-04	4.620027e-05
0.0710304     	7.714403e-03	5.280203e-04	9.344307e-05	5.246253e-04	4.627304e-05
0.0711733     	7.767707e-03	5.279351e-04	9.335022e-05	5.239957e-04	4.633274e-05
0.0713162     	8.163579e-03	5.279050e-04	9.326538e-05	5.233583e-04	4.639260e-05
0.0714591     	8.157444e-03	5.276335e-04	9.316035e-05	5.225863e-04	4.644508e-05
0.0716021     	8.394322e-03	5.272893e-04	9.307481e-05	5.219378e-04	4.649629e-05
0.071745      	8.607564e-03	5.267098e-04	9.297936e-05	5.213598e-04	4.653025e-05
0.071888      	8.708961e-03	5.258262e-04	9.290018e-05	5.207284e-04	4.655502e-05
0.0720309     	9.358815e-03	5.250050e-04	9.285701e-05	5.200071e-04	4.659140e-05
0.0721737     	9.169951e-03	5.241001e-04	9.282791e-05	5.193059e-04	4.662876e-05
0.0723165     	9.135450e-03	5.230077e-04	9.281907e-05	5.187160e-04	4.667211e-05
0.0724593     	9.301138e-03	5.217057e-04	9.284368e-05	5.182510e-04	4.670738e-05
0.0726019     	9.446983e-03	5.202997e-04	9.289127e-05	5.176523e-04	4.671997e-05
0.0727445     	9.371855e-03	5.187367e-04	9.290695e-05	5.169076e-04	4.674039e-05
0.072887      	9.036686e-03	5.171539e-04	9.292047e-05	5.162389e-04	4.676117e-05
0.0730294     	8.951025e-03	5.154907e-04	9.292395e-05	5.158119e-04	4.676988e-05
0.0731718     	8.668906e-03	5.138972e-04	9.295553e-05	5.154467e-04	4.678300e-05
0.073314      	8.372863e-03	5.123015e-04	9.299789e-05	5.151013e-04	4.679457e-05
0.0734561     	8.335262e-03	5.108152e-04	9.301265e-05	5.145337e-04	4.680882e-05
0.0735982     	8.320784e-03	5.095139e-04	9.305515e-05	5.143940e-04	4.684345e-05
0.0737403     	8.028137e-03	5.084707e-04	9.312083e-05	5.146556e-04	4.688173e-05
0.0738824     	7.870350e-03	5.077902e-04	9.319545e-05	5.150079e-04	4.693651e-05
0.0740245     	7.712073e-03	5.071451e-04	9.326525e-05	5.153313e-04	4.699072e-05
0.0741667     	7.585189e-03	5.064879e-04	9.333250e-05	5.155822e-04	4.704035e-05
0.0743089     	7.729010e-03	5.059874e-04	9.338791e-05	5.161803e-04	4.711156e-05
0.0744513     	7.616983e-03	5.053853e-04	9.344544e-05	5.168369e-04	4.718250e-05
0.0745937     	7.547205e-03	5.048133e-04	9.347792e-05	5.173445e-04	4.723161e-05
0.0747361     	7.635000e-03	5.039121e-04	9.349082e-05	5.175415e-04	4.727421e-05
0.0748786     	7.374849e-03	5.030957e-04	9.349404e-05	5.178987e-04	4.730375e-05
0.0750211     	1.351420e-02	5.028185e-04	9.359083e-05	5.184536e-04	4.737614e-05
0.0751637     	7.826971e-03	5.013386e-04	9.355786e-05	5.183337e-04	4.739466e-05
0.0753063     	7.648065e-03	5.006299e-04	9.349840e-05	5.184834e-04	4.741965e-05
0.075449      	7.353278e-03	4.995090e-04	9.349805e-05	5.184674e-04	4.745658e-05
0.0755917     	7.564608e-03	4.986554e-04	9.348780e-05	5.185268e-04	4.748776e-05
0.0757345     	7.471681e-03	4.976493e-04	9.350387e-05	5.185393e-04	4.752093e-05
0.0758774     	7.546058e-03	4.967451e-04	9.352900e-05	5.184679e-04	4.756323e-05
0.0760203     	7.689225e-03	4.956713e-04	9.354866e-05	5.182643e-04	4.759300e-05
0.0761633     	7.736505e-03	4.944748e-04	9.355707e-05	5.180523e-04	4.761228e-05
0.0763063     	8.132981e-03	4.935536e-04	9.357034e-05	5.176792e-04	4.763825e-05
0.0764493     	8.192834e-03	4.925635e-04	9.358268e-05	5.172103e-04	4.765578e-05
0.0765924     	8.128042e-03	4.914459e-04	9.359635e-05	5.166633e-04	4.767500e-05
0.0767355     	8.411184e-03	4.902976e-04	9.356511e-05	5.159316e-04	4.768926e-05
0.0768785     	8.557792e-03	4.891372e-04	9.352062e-05	5.149427e-04	4.768944e-05
0.0770215     	8.821994e-03	4.880535e-04	9.348225e-05	5.139743e-04	4.769283e-05
0.0771645     	9.004645e-03	4.869972e-04	9.346366e-05	5.131326e-04	4.769314e-05
0.0773075     	8.996587e-03	4.858600e-04	9.342258e-05	5.121018e-04	4.770295e-05
0.0774505     	9.251407e-03	4.848725e-04	9.337868e-05	5.109261e-04	4.771858e-05
0.0775934     	9.319225e-03	4.840128e-04	9.331183e-05	5.096346e-04	4.771724e-05
0.0777363     	9.159412e-03	4.831473e-04	9.324410e-05	5.082619e-04	4.771849e-05
0.0778792     	9.145259e-03	4.823707e-04	9.318317e-05	5.068347e-04	4.772200e-05
0.078022      	9.247946e-03	4.815314e-04	9.307066e-05	5.051884e-04	4.772964e-05
0.0781647     	8.680902e-03	4.809542e-04	9.298609e-05	5.034924e-04	4.772403e-05
0.0783074     	8.411938e-03	4.805638e-04	9.289172e-05	5.019882e-04	4.771017e-05
0.07845       	8.348168e-03	4.799873e-04	9.277791e-05	5.004328e-04	4.770635e-05
0.0785925     	8.332088e-03	4.796622e-04	9.268268e-05	4.991511e-04	4.770794e-05
0.0787349     	7.928199e-03	4.795941e-04	9.256806e-05	4.980847e-04	4.770619e-05
0.0788772     	7.799427e-03	4.797812e-04	9.247354e-05	4.972437e-04	4.772718e-05
0.0790195     	7.656095e-03	4.799990e-04	9.238794e-05	4.964947e-04	4.775481e-05
0.0791618     	7.543548e-03	4.803027e-04	9.231268e-05	4.956415e-04	4.777442e-05
0.0793041     	7.687263e-03	4.808544e-04	9.223451e-05	4.948114e-04	4.781121e-05
0.0794464     	7.602420e-03	4.816202e-04	9.215540e-05	4.940699e-04	4.784709e-05
0.0795888     	7.528421e-03	4.822030e-04	9.206627e-05	4.931837e-04	4.787757e-05
0.0797311     	7.646446e-03	4.825898e-04	9.199373e-05	4.921950e-04	4.789267e-05
0.0798734     	7.631167e-03	4.830960e-04	9.188331e-05	4.911076e-04	4.790039e-05
0.0800157     	1.665893e-02	4.838684e-04	9.211462e-05	4.913161e-04	4.793362e-05
0.080158      	7.804883e-03	4.838094e-04	9.175460e-05	4.896724e-04	4.798626e-05
0.0803004     	7.612252e-03	4.841310e-04	9.157802e-05	4.888653e-04	4.800663e-05
0.0804427     	7.325669e-03	4.843845e-04	9.150704e-05	4.879049e-04	4.803135e-05
0.0805851     	7.356716e-03	4.847179e-04	9.142110e-05	4.871052e-04	4.806541e-05
0.0807275     	7.361477e-03	4.850514e-04	9.133934e-05	4.862361e-04	4.809625e-05
0.08087       	7.383374e-03	4.853001e-04	9.125950e-05	4.854882e-04	4.812507e-05
0.0810125     	7.573656e-03	4.853551e-04	9.117376e-05	4.847327e-04	4.814362e-05
0.0811551     	7.576350e-03	4.853768e-04	9.109100e-05	4.840775e-04	4.816047e-05
0.0812977     	8.006561e-03	4.855027e-04	9.101826e-05	4.834529e-04	4.818404e-05
0.0814404     	8.086085e-03	4.854933e-04	9.094762e-05	4.826916e-04	4.819824e-05
0.0815832     	7.979933e-03	4.854326e-04	9.090551e-05	4.820711e-04	4.822446e-05
0.0817259     	8.280175e-03	4.851638e-04	9.082314e-05	4.814836e-04	4.824548e-05
0.0818687     	8.334252e-03	4.846100e-04	9.075693e-05	4.809260e-04	4.826865e-05
0.0820115     	8.470218e-03	4.840840e-04	9.069848e-05	4.803078e-04	4.830103e-05
0.0821542     	8.688219e-03	4.836825e-04	9.068345e-05	4.796711e-04	4.832926e-05
0.082297      	8.913764e-03	4.830344e-04	9.064659e-05	4.791317e-04	4.837360e-05
0.0824398     	9.139100e-03	4.821356e-04	9.064682e-05	4.787417e-04	4.841674e-05
0.0825825     	9.130489e-03	4.811551e-04	9.062762e-05	4.783088e-04	4.843931e-05
0.0827252     	8.998608e-03	4.800269e-04	9.062954e-05	4.777196e-04	4.846192e-05
0.0828678     	9.029245e-03	4.788634e-04	9.062207e-05	4.771286e-04	4.848488e-05
0.0830104     	9.207462e-03	4.775885e-04	9.059202e-05	4.766945e-04	4.851292e-05
0.0831529     	8.724025e-03	4.761174e-04	9.056067e-05	4.762840e-04	4.852380e-05
0.0832953     	8.399697e-03	4.748326e-04	9.054010e-05	4.759532e-04	4.855020e-05
0.0834377     	8.148958e-03	4.736572e-04	9.051228e-05	4.754920e-04	4.857812e-05
0.0835799     	8.141390e-03	4.727183e-04	9.050699e-05	4.753504e-04	4.861826e-05
0.0837221     	7.986038e-03	4.719256e-04	9.052644e-05	4.755377e-04	4.866441e-05
0.0838643     	7.636147e-03	4.712773e-04	9.053416e-05	4.757848e-04	4.871674e-05
0.0840065     	7.581753e-03	4.708087e-04	9.054828e-05	4.760728e-04	4.877353e-05
0.0841487     	7.372566e-03	4.701535e-04	9.055819e-05	4.762259e-04	4.881391e-05
0.0842909     	7.440282e-03	4.697380e-04	9.056439e-05	4.766343e-04	4.886810e-05
0.0844332     	7.494921e-03	4.692290e-04	9.058647e-05	4.772415e-04	4.892428e-05
0.0845755     	7.408747e-03	4.686564e-04	9.060248e-05	4.777211e-04	4.896909e-05
0.0847178     	7.511726e-03	4.680486e-04	9.061294e-05	4.781398e-04	4.900714e-05
0.0848601     	7.604158e-03	4.674122e-04	9.060784e-05	4.785940e-04	4.904606e-05
0.0850025     	8.815204e-03	4.677220e-04	9.101113e-05	4.792286e-04	4.914997e-05
0.0851449     	7.411567e-03	4.660190e-04	9.064357e-05	4.792662e-04	4.917335e-05
0.0852874     	7.395729e-03	4.653957e-04	9.060760e-05	4.795598e-04	4.920672e-05
0.0854299     	7.482990e-03	4.645166e-04	9.061813e-05	4.797620e-04	4.926282e-05
0.0855724     	7.256663e-03	4.638249e-04	9.062789e-05	4.799668e-04	4.931368e-05
0.085715      	7.425228e-03	4.630076e-04	9.064169e-05	4.801804e-04	4.937143e-05
0.0858577     	7.438078e-03	4.623456e-04	9.068334e-05	4.802677e-04	4.942732e-05
0.0860005     	7.564857e-03	4.615324e-04	9.070869e-05	4.802914e-04	4.948714e-05
