# Residuals   
# Time        	p             	Ux            	Uy            	Uz            	k             	omega         
0.100003      	N/A           	N/A           	N/A           	N/A           	N/A           	N/A           
0.100066      	7.266063e-03	5.328009e-04	1.748750e-04	5.053638e-04	2.446924e-08	8.407600e-25
0.100129      	6.599142e-03	5.327720e-04	1.748542e-04	5.056124e-04	2.446924e-08	8.407600e-25
0.100192      	6.765798e-03	5.329836e-04	1.748338e-04	5.061849e-04	2.446924e-08	8.407600e-25
0.100256      	6.378213e-03	5.331702e-04	1.749376e-04	5.068306e-04	2.446924e-08	8.407600e-25
0.100319      	6.353718e-03	5.335325e-04	1.751054e-04	5.078628e-04	2.446924e-08	8.407600e-25
0.100383      	6.313790e-03	5.339438e-04	1.752480e-04	5.090174e-04	2.446924e-08	8.407600e-25
0.100446      	6.109447e-03	5.340769e-04	1.753456e-04	5.100796e-04	2.446924e-08	8.407600e-25
0.10051       	6.183942e-03	5.340145e-04	1.753482e-04	5.108328e-04	2.446924e-08	8.407600e-25
0.100574      	6.126810e-03	5.338751e-04	1.753678e-04	5.115738e-04	2.446924e-08	8.407600e-25
0.100637      	6.185153e-03	5.334105e-04	1.752551e-04	5.121836e-04	2.446924e-08	8.407600e-25
0.100701      	5.792532e-03	5.330440e-04	1.751539e-04	5.126512e-04	2.446924e-08	8.407600e-25
0.100765      	6.033147e-03	5.320910e-04	1.748215e-04	5.128908e-04	2.446924e-08	8.407600e-25
0.100828      	6.004382e-03	5.313580e-04	1.746580e-04	5.129690e-04	2.446924e-08	8.407600e-25
0.100892      	6.254568e-03	5.305273e-04	1.743205e-04	5.131064e-04	2.446924e-08	8.407600e-25
0.100955      	6.218806e-03	5.297020e-04	1.740726e-04	5.131692e-04	2.446924e-08	8.407600e-25
0.101019      	6.310767e-03	5.288538e-04	1.738746e-04	5.131504e-04	2.446924e-08	8.407600e-25
0.101082      	6.120588e-03	5.280776e-04	1.736295e-04	5.131923e-04	2.446924e-08	8.407600e-25
0.101145      	6.328965e-03	5.274804e-04	1.734672e-04	5.132918e-04	2.446924e-08	8.407600e-25
0.101209      	6.350179e-03	5.269996e-04	1.733623e-04	5.134380e-04	2.446924e-08	8.407600e-25
0.101272      	6.936915e-03	5.265275e-04	1.732561e-04	5.135798e-04	2.446924e-08	8.407600e-25
0.101335      	6.720678e-03	5.260594e-04	1.732019e-04	5.135990e-04	2.446924e-08	8.407600e-25
0.101399      	6.709164e-03	5.259147e-04	1.732336e-04	5.138123e-04	2.446924e-08	8.407600e-25
0.101462      	6.946387e-03	5.261318e-04	1.734380e-04	5.144738e-04	2.446924e-08	8.407600e-25
0.101526      	7.064180e-03	5.263474e-04	1.736327e-04	5.150836e-04	2.446924e-08	8.407600e-25
0.101589      	7.602296e-03	5.269988e-04	1.740464e-04	5.159975e-04	2.446924e-08	8.407600e-25
0.101653      	7.390936e-03	5.275524e-04	1.744506e-04	5.170044e-04	2.446924e-08	8.407600e-25
0.101717      	7.652512e-03	5.282303e-04	1.749091e-04	5.180557e-04	2.446924e-08	8.407600e-25
0.101781      	7.406354e-03	5.288598e-04	1.753507e-04	5.190900e-04	2.446924e-08	8.407600e-25
0.101845      	7.650861e-03	5.293648e-04	1.757807e-04	5.199463e-04	2.446924e-08	8.407600e-25
0.101909      	7.555245e-03	5.279012e-04	1.756530e-04	5.189597e-04	2.446924e-08	8.407600e-25
0.101973      	7.314013e-03	5.247614e-04	1.748137e-04	5.162184e-04	2.446924e-08	8.407600e-25
0.102036      	7.259168e-03	5.232568e-04	1.745319e-04	5.148863e-04	2.446924e-08	8.407600e-25
0.1021        	6.917847e-03	5.232346e-04	1.747122e-04	5.150316e-04	2.446924e-08	8.407600e-25
0.102163      	6.869643e-03	5.240647e-04	1.750954e-04	5.161384e-04	2.446924e-08	8.407600e-25
0.102227      	6.374328e-03	5.255888e-04	1.756894e-04	5.175373e-04	2.446924e-08	8.407600e-25
0.102291      	6.596672e-03	5.277242e-04	1.764328e-04	5.197351e-04	2.446924e-08	8.407600e-25
0.102356      	6.403055e-03	5.291386e-04	1.768914e-04	5.213465e-04	2.446924e-08	8.407600e-25
0.10242       	6.316705e-03	5.282413e-04	1.764287e-04	5.205017e-04	2.446924e-08	8.407600e-25
0.102484      	6.219239e-03	5.271504e-04	1.758724e-04	5.192155e-04	2.446924e-08	8.407600e-25
0.102548      	5.958471e-03	5.260578e-04	1.752546e-04	5.178515e-04	2.446924e-08	8.407600e-25
0.102612      	6.142890e-03	5.246932e-04	1.745765e-04	5.165824e-04	2.446924e-08	8.407600e-25
0.102676      	6.282892e-03	5.234752e-04	1.739527e-04	5.152848e-04	2.446924e-08	8.407600e-25
0.10274       	6.461948e-03	5.226784e-04	1.733890e-04	5.143448e-04	2.446924e-08	8.407600e-25
0.102803      	6.278411e-03	5.222023e-04	1.729821e-04	5.137160e-04	2.446924e-08	8.407600e-25
0.102867      	1.060364e-02	5.218275e-04	1.725957e-04	5.134441e-04	2.446924e-08	8.407600e-25
0.102931      	6.318826e-03	5.216661e-04	1.723616e-04	5.131771e-04	2.446924e-08	8.407600e-25
0.102995      	6.302716e-03	5.214879e-04	1.721065e-04	5.129161e-04	2.446924e-08	8.407600e-25
0.103058      	6.158021e-03	5.213091e-04	1.717645e-04	5.125161e-04	2.446924e-08	8.407600e-25
0.103122      	5.987690e-03	5.208735e-04	1.715053e-04	5.120421e-04	2.446924e-08	8.407600e-25
0.103186      	5.929180e-03	5.204241e-04	1.712158e-04	5.115187e-04	2.446924e-08	8.407600e-25
0.103249      	6.218803e-03	5.197267e-04	1.709218e-04	5.106878e-04	2.446924e-08	8.407600e-25
0.103313      	6.115238e-03	5.189477e-04	1.706020e-04	5.097303e-04	2.446924e-08	8.407600e-25
0.103376      	6.471638e-03	5.180078e-04	1.703528e-04	5.085988e-04	2.446924e-08	8.407600e-25
0.10344       	6.281693e-03	5.169612e-04	1.700146e-04	5.074581e-04	2.446924e-08	8.407600e-25
0.103503      	6.618304e-03	5.160151e-04	1.697213e-04	5.062456e-04	2.446924e-08	8.407600e-25
0.103566      	6.755620e-03	5.150756e-04	1.694530e-04	5.052486e-04	2.446924e-08	8.407600e-25
0.10363       	6.660782e-03	5.143523e-04	1.691916e-04	5.043284e-04	2.446924e-08	8.407600e-25
0.103693      	6.923211e-03	5.135444e-04	1.690444e-04	5.034583e-04	2.446924e-08	8.407600e-25
0.103756      	7.115813e-03	5.131706e-04	1.689713e-04	5.028878e-04	2.446924e-08	8.407600e-25
0.103819      	7.318799e-03	5.125271e-04	1.688714e-04	5.022276e-04	2.446924e-08	8.407600e-25
0.103882      	7.326927e-03	5.118986e-04	1.687500e-04	5.016153e-04	2.446924e-08	8.407600e-25
0.103945      	6.922694e-03	5.112326e-04	1.686979e-04	5.010282e-04	2.446924e-08	8.407600e-25
0.104008      	6.955760e-03	5.106386e-04	1.686583e-04	5.004920e-04	2.446924e-08	8.407600e-25
0.104071      	6.895968e-03	5.099217e-04	1.685821e-04	4.999113e-04	2.446924e-08	8.407600e-25
0.104134      	6.744033e-03	5.091757e-04	1.684932e-04	4.994575e-04	2.446924e-08	8.407600e-25
0.104197      	6.679351e-03	5.081698e-04	1.683468e-04	4.988217e-04	2.446924e-08	8.407600e-25
0.10426       	7.006465e-03	5.071041e-04	1.681484e-04	4.983100e-04	2.446924e-08	8.407600e-25
0.104323      	6.516564e-03	5.064680e-04	1.681013e-04	4.981320e-04	2.446924e-08	8.407600e-25
0.104386      	6.376465e-03	5.058112e-04	1.679727e-04	4.979136e-04	2.446924e-08	8.407600e-25
0.104449      	6.346807e-03	5.053234e-04	1.678848e-04	4.978779e-04	2.446924e-08	8.407600e-25
0.104512      	5.933220e-03	5.046428e-04	1.677559e-04	4.979125e-04	2.446924e-08	8.407600e-25
0.104575      	6.143086e-03	5.042207e-04	1.676684e-04	4.981897e-04	2.446924e-08	8.407600e-25
0.104638      	5.876653e-03	5.035801e-04	1.675733e-04	4.984138e-04	2.446924e-08	8.407600e-25
0.104701      	6.232196e-03	5.027983e-04	1.674278e-04	4.984972e-04	2.446924e-08	8.407600e-25
0.104764      	6.031239e-03	5.018491e-04	1.672573e-04	4.985185e-04	2.446924e-08	8.407600e-25
0.104827      	5.947014e-03	5.011230e-04	1.671522e-04	4.988134e-04	2.446924e-08	8.407600e-25
0.104889      	5.875698e-03	5.004002e-04	1.669653e-04	4.991337e-04	2.446924e-08	8.407600e-25
0.104952      	5.678204e-03	4.995487e-04	1.668584e-04	4.994738e-04	2.446924e-08	8.407600e-25
0.105015      	6.897221e-03	4.987323e-04	1.666272e-04	4.999043e-04	2.446924e-08	8.407600e-25
0.105078      	5.902274e-03	4.985692e-04	1.667443e-04	5.004091e-04	2.446924e-08	8.407600e-25
0.105141      	5.973958e-03	4.983362e-04	1.666826e-04	5.011284e-04	2.446924e-08	8.407600e-25
0.105204      	5.872761e-03	4.980809e-04	1.668359e-04	5.017027e-04	2.446924e-08	8.407600e-25
0.105267      	5.857433e-03	4.979387e-04	1.667944e-04	5.024899e-04	2.446924e-08	8.407600e-25
0.10533       	5.742981e-03	4.977687e-04	1.669158e-04	5.031569e-04	2.446924e-08	8.407600e-25
0.105393      	5.983721e-03	4.976250e-04	1.668775e-04	5.038391e-04	2.446924e-08	8.407600e-25
0.105456      	5.945164e-03	4.976117e-04	1.670292e-04	5.045169e-04	2.446924e-08	8.407600e-25
0.10552       	6.350945e-03	4.976741e-04	1.672036e-04	5.052428e-04	2.446924e-08	8.407600e-25
0.105583      	6.242221e-03	4.978074e-04	1.672816e-04	5.060399e-04	2.446924e-08	8.407600e-25
0.105646      	6.482497e-03	4.980570e-04	1.674906e-04	5.067173e-04	2.446924e-08	8.407600e-25
0.10571       	6.548474e-03	4.984203e-04	1.677432e-04	5.076742e-04	2.446924e-08	8.407600e-25
0.105774      	6.650333e-03	4.988887e-04	1.680236e-04	5.085638e-04	2.446924e-08	8.407600e-25
0.105838      	6.864319e-03	4.994207e-04	1.683729e-04	5.095049e-04	2.446924e-08	8.407600e-25
0.105902      	7.252417e-03	5.000374e-04	1.687255e-04	5.104114e-04	2.446924e-08	8.407600e-25
0.105966      	7.279703e-03	5.004884e-04	1.691084e-04	5.112820e-04	2.446924e-08	8.407600e-25
0.10603       	7.163676e-03	5.009066e-04	1.694030e-04	5.118195e-04	2.446924e-08	8.407600e-25
0.106094      	7.427877e-03	5.011198e-04	1.697576e-04	5.122339e-04	2.446924e-08	8.407600e-25
0.106159      	7.254636e-03	5.009713e-04	1.699377e-04	5.123034e-04	2.446924e-08	8.407600e-25
0.106223      	7.287791e-03	5.004256e-04	1.700217e-04	5.120581e-04	2.446924e-08	8.407600e-25
0.106288      	7.318459e-03	4.999601e-04	1.701671e-04	5.116820e-04	2.446924e-08	8.407600e-25
0.106352      	7.047972e-03	4.993958e-04	1.702428e-04	5.111338e-04	2.446924e-08	8.407600e-25
0.106417      	6.767414e-03	4.986102e-04	1.701257e-04	5.102788e-04	2.446924e-08	8.407600e-25
0.106481      	6.512434e-03	4.980754e-04	1.701172e-04	5.096688e-04	2.446924e-08	8.407600e-25
0.106545      	6.530313e-03	4.977589e-04	1.701206e-04	5.090516e-04	2.446924e-08	8.407600e-25
0.10661       	6.228774e-03	4.974396e-04	1.700869e-04	5.085569e-04	2.446924e-08	8.407600e-25
0.106674      	6.531243e-03	4.969210e-04	1.698557e-04	5.078945e-04	2.446924e-08	8.407600e-25
0.106738      	5.966469e-03	4.963497e-04	1.695703e-04	5.069383e-04	2.446924e-08	8.407600e-25
0.106802      	6.155296e-03	4.956294e-04	1.690474e-04	5.058709e-04	2.446924e-08	8.407600e-25
0.106866      	5.891679e-03	4.947286e-04	1.686084e-04	5.045043e-04	2.446924e-08	8.407600e-25
0.10693       	5.985352e-03	4.937077e-04	1.679989e-04	5.031895e-04	2.446924e-08	8.407600e-25
0.106994      	5.895046e-03	4.928569e-04	1.674492e-04	5.018434e-04	2.446924e-08	8.407600e-25
0.107058      	6.197165e-03	4.922351e-04	1.670103e-04	5.008884e-04	2.446924e-08	8.407600e-25
0.107121      	5.350733e-03	4.917249e-04	1.667303e-04	5.002592e-04	2.446924e-08	8.407600e-25
0.107185      	5.251484e-03	4.915612e-04	1.664208e-04	4.996459e-04	2.446924e-08	8.407600e-25
0.107248      	5.991221e-03	4.919559e-04	1.662603e-04	4.996457e-04	2.446924e-08	8.407600e-25
0.107312      	5.797175e-03	4.922264e-04	1.662067e-04	4.996754e-04	2.446924e-08	8.407600e-25
0.107376      	5.967314e-03	4.924326e-04	1.661114e-04	4.996249e-04	2.446924e-08	8.407600e-25
0.10744       	5.916915e-03	4.927318e-04	1.660789e-04	4.996390e-04	2.446924e-08	8.407600e-25
0.107504      	5.838054e-03	4.928645e-04	1.660078e-04	4.994584e-04	2.446924e-08	8.407600e-25
0.107567      	5.940447e-03	4.929047e-04	1.659845e-04	4.993058e-04	2.446924e-08	8.407600e-25
0.107631      	6.379937e-03	4.926979e-04	1.658721e-04	4.986757e-04	2.446924e-08	8.407600e-25
0.107695      	6.102306e-03	4.920889e-04	1.656664e-04	4.977765e-04	2.446924e-08	8.407600e-25
0.107759      	6.341819e-03	4.912965e-04	1.653684e-04	4.966295e-04	2.446924e-08	8.407600e-25
0.107823      	6.318628e-03	4.901429e-04	1.650255e-04	4.952989e-04	2.446924e-08	8.407600e-25
0.107886      	6.564134e-03	4.889204e-04	1.647025e-04	4.936467e-04	2.446924e-08	8.407600e-25
0.10795       	6.657426e-03	4.879112e-04	1.644230e-04	4.923295e-04	2.446924e-08	8.407600e-25
0.108013      	7.115558e-03	4.871102e-04	1.641517e-04	4.910565e-04	2.446924e-08	8.407600e-25
0.108076      	6.764574e-03	4.864524e-04	1.639530e-04	4.900592e-04	2.446924e-08	8.407600e-25
0.108139      	6.985133e-03	4.854667e-04	1.637363e-04	4.888734e-04	2.446924e-08	8.407600e-25
0.108203      	7.079962e-03	4.847265e-04	1.635465e-04	4.878646e-04	2.446924e-08	8.407600e-25
0.108266      	6.932803e-03	4.841199e-04	1.634352e-04	4.871189e-04	2.446924e-08	8.407600e-25
0.108329      	6.680523e-03	4.834990e-04	1.633419e-04	4.864974e-04	2.446924e-08	8.407600e-25
0.108392      	6.702153e-03	4.829257e-04	1.633069e-04	4.861046e-04	2.446924e-08	8.407600e-25
0.108455      	6.829298e-03	4.823176e-04	1.632369e-04	4.855468e-04	2.446924e-08	8.407600e-25
0.108518      	6.397782e-03	4.817065e-04	1.631555e-04	4.851724e-04	2.446924e-08	8.407600e-25
0.10858       	6.317890e-03	4.813080e-04	1.631639e-04	4.850408e-04	2.446924e-08	8.407600e-25
0.108643      	6.549755e-03	4.811551e-04	1.632502e-04	4.853155e-04	2.446924e-08	8.407600e-25
0.108706      	5.943176e-03	4.812537e-04	1.633593e-04	4.856375e-04	2.446924e-08	8.407600e-25
0.10877       	6.112159e-03	4.812155e-04	1.634646e-04	4.860002e-04	2.446924e-08	8.407600e-25
0.108833      	5.995097e-03	4.812753e-04	1.635021e-04	4.864677e-04	2.446924e-08	8.407600e-25
0.108896      	5.906078e-03	4.812090e-04	1.636147e-04	4.870453e-04	2.446924e-08	8.407600e-25
0.108959      	5.733352e-03	4.811092e-04	1.636672e-04	4.875763e-04	2.446924e-08	8.407600e-25
0.109022      	5.760002e-03	4.808684e-04	1.636468e-04	4.879947e-04	2.446924e-08	8.407600e-25
0.109085      	5.549527e-03	4.804503e-04	1.636144e-04	4.883659e-04	2.446924e-08	8.407600e-25
0.109149      	5.595311e-03	4.802087e-04	1.636530e-04	4.887951e-04	2.446924e-08	8.407600e-25
0.109212      	5.590231e-03	4.797955e-04	1.635863e-04	4.893025e-04	2.446924e-08	8.407600e-25
0.109275      	5.427030e-03	4.796393e-04	1.636145e-04	4.896918e-04	2.446924e-08	8.407600e-25
0.109338      	5.466324e-03	4.790914e-04	1.634647e-04	4.900609e-04	2.446924e-08	8.407600e-25
0.109402      	5.464384e-03	4.785924e-04	1.633675e-04	4.903484e-04	2.446924e-08	8.407600e-25
0.109465      	5.834972e-03	4.779830e-04	1.632869e-04	4.906312e-04	2.446924e-08	8.407600e-25
0.109528      	5.668268e-03	4.776112e-04	1.631975e-04	4.909438e-04	2.446924e-08	8.407600e-25
0.109591      	5.916444e-03	4.773535e-04	1.632341e-04	4.912815e-04	2.446924e-08	8.407600e-25
0.109654      	5.767761e-03	4.769272e-04	1.631567e-04	4.915107e-04	2.446924e-08	8.407600e-25
0.109717      	5.910898e-03	4.764406e-04	1.631137e-04	4.916975e-04	2.446924e-08	8.407600e-25
0.10978       	5.942675e-03	4.762574e-04	1.631142e-04	4.919190e-04	2.446924e-08	8.407600e-25
0.109844      	6.219885e-03	4.761099e-04	1.631203e-04	4.921794e-04	2.446924e-08	8.407600e-25
0.109907      	6.262829e-03	4.759818e-04	1.631420e-04	4.924568e-04	2.446924e-08	8.407600e-25
0.10997       	6.312016e-03	4.761772e-04	1.633059e-04	4.930560e-04	2.446924e-08	8.407600e-25
0.110033      	6.494533e-03	4.765371e-04	1.635217e-04	4.938842e-04	2.446924e-08	8.407600e-25
0.110097      	6.615428e-03	4.771119e-04	1.637984e-04	4.946682e-04	2.446924e-08	8.407600e-25
0.11016       	7.103295e-03	4.778816e-04	1.641636e-04	4.956483e-04	2.446924e-08	8.407600e-25
0.110224      	6.828375e-03	4.788230e-04	1.645837e-04	4.968020e-04	2.446924e-08	8.407600e-25
0.110288      	7.103429e-03	4.799174e-04	1.650590e-04	4.979617e-04	2.446924e-08	8.407600e-25
0.110352      	6.827133e-03	4.810903e-04	1.655220e-04	4.989652e-04	2.446924e-08	8.407600e-25
0.110416      	6.885451e-03	4.821779e-04	1.660172e-04	4.997961e-04	2.446924e-08	8.407600e-25
0.11048       	7.029341e-03	4.828940e-04	1.664670e-04	5.003846e-04	2.446924e-08	8.407600e-25
0.110544      	6.905626e-03	4.838037e-04	1.668811e-04	5.010236e-04	2.446924e-08	8.407600e-25
0.110609      	7.009066e-03	4.847418e-04	1.672907e-04	5.014245e-04	2.446924e-08	8.407600e-25
0.110674      	6.484699e-03	4.855095e-04	1.676683e-04	5.018435e-04	2.446924e-08	8.407600e-25
0.110738      	6.429779e-03	4.859818e-04	1.679301e-04	5.019865e-04	2.446924e-08	8.407600e-25
0.110803      	6.169083e-03	4.864538e-04	1.681275e-04	5.018476e-04	2.446924e-08	8.407600e-25
0.110868      	6.444762e-03	4.868913e-04	1.683148e-04	5.017287e-04	2.446924e-08	8.407600e-25
0.110933      	6.052738e-03	4.872348e-04	1.683877e-04	5.016118e-04	2.446924e-08	8.407600e-25
0.110998      	6.226184e-03	4.874872e-04	1.683399e-04	5.012096e-04	2.446924e-08	8.407600e-25
0.111062      	5.949078e-03	4.874771e-04	1.681539e-04	5.004997e-04	2.446924e-08	8.407600e-25
0.111127      	6.002750e-03	4.872674e-04	1.678504e-04	4.994529e-04	2.446924e-08	8.407600e-25
0.111192      	5.941855e-03	4.865993e-04	1.673199e-04	4.981764e-04	2.446924e-08	8.407600e-25
0.111256      	5.921708e-03	4.855007e-04	1.666613e-04	4.963738e-04	2.446924e-08	8.407600e-25
0.11132       	5.638760e-03	4.845642e-04	1.659665e-04	4.945871e-04	2.446924e-08	8.407600e-25
0.111384      	5.256617e-03	4.836579e-04	1.653764e-04	4.928759e-04	2.446924e-08	8.407600e-25
0.111448      	5.416034e-03	4.830164e-04	1.647797e-04	4.913726e-04	2.446924e-08	8.407600e-25
0.111512      	5.758000e-03	4.826106e-04	1.643816e-04	4.907116e-04	2.446924e-08	8.407600e-25
0.111576      	5.467414e-03	4.823517e-04	1.640578e-04	4.898699e-04	2.446924e-08	8.407600e-25
0.111639      	5.557200e-03	4.822743e-04	1.637860e-04	4.891553e-04	2.446924e-08	8.407600e-25
0.111703      	5.620584e-03	4.822318e-04	1.635321e-04	4.886162e-04	2.446924e-08	8.407600e-25
0.111767      	5.725698e-03	4.822154e-04	1.633428e-04	4.881636e-04	2.446924e-08	8.407600e-25
0.11183       	5.907523e-03	4.821229e-04	1.631273e-04	4.876176e-04	2.446924e-08	8.407600e-25
0.111894      	5.911394e-03	4.820143e-04	1.629267e-04	4.870044e-04	2.446924e-08	8.407600e-25
0.111957      	6.062159e-03	4.817476e-04	1.626950e-04	4.861860e-04	2.446924e-08	8.407600e-25
0.112021      	5.907319e-03	4.814178e-04	1.624355e-04	4.853468e-04	2.446924e-08	8.407600e-25
0.112084      	6.285982e-03	4.809336e-04	1.621435e-04	4.844041e-04	2.446924e-08	8.407600e-25
0.112148      	6.223930e-03	4.804844e-04	1.618922e-04	4.835112e-04	2.446924e-08	8.407600e-25
0.112211      	6.332943e-03	4.802068e-04	1.616667e-04	4.826745e-04	2.446924e-08	8.407600e-25
0.112274      	6.851492e-03	4.799566e-04	1.615578e-04	4.819926e-04	2.446924e-08	8.407600e-25
0.112337      	6.823703e-03	4.799102e-04	1.614814e-04	4.814184e-04	2.446924e-08	8.407600e-25
0.1124        	6.600556e-03	4.798499e-04	1.614338e-04	4.808965e-04	2.446924e-08	8.407600e-25
0.112463      	6.778690e-03	4.795766e-04	1.613475e-04	4.803087e-04	2.446924e-08	8.407600e-25
0.112526      	6.983364e-03	4.794437e-04	1.613063e-04	4.799033e-04	2.446924e-08	8.407600e-25
0.11259       	6.796663e-03	4.793774e-04	1.612764e-04	4.795106e-04	2.446924e-08	8.407600e-25
0.112653      	6.723063e-03	4.791528e-04	1.612117e-04	4.791631e-04	2.446924e-08	8.407600e-25
0.112716      	6.795166e-03	4.788667e-04	1.611584e-04	4.788273e-04	2.446924e-08	8.407600e-25
0.112779      	6.536472e-03	4.782550e-04	1.610075e-04	4.783344e-04	2.446924e-08	8.407600e-25
0.112842      	6.235222e-03	4.779647e-04	1.609661e-04	4.780229e-04	2.446924e-08	8.407600e-25
0.112905      	6.128072e-03	4.776463e-04	1.609320e-04	4.778820e-04	2.446924e-08	8.407600e-25
0.112968      	6.402424e-03	4.774933e-04	1.609081e-04	4.778418e-04	2.446924e-08	8.407600e-25
0.113031      	5.881827e-03	4.773428e-04	1.608267e-04	4.778419e-04	2.446924e-08	8.407600e-25
0.113094      	5.752924e-03	4.769786e-04	1.607481e-04	4.778474e-04	2.446924e-08	8.407600e-25
0.113157      	5.775041e-03	4.768520e-04	1.606730e-04	4.779889e-04	2.446924e-08	8.407600e-25
0.113219      	5.684914e-03	4.765117e-04	1.606020e-04	4.781449e-04	2.446924e-08	8.407600e-25
0.113282      	5.546762e-03	4.759615e-04	1.604267e-04	4.782767e-04	2.446924e-08	8.407600e-25
0.113345      	5.462085e-03	4.753758e-04	1.602744e-04	4.783260e-04	2.446924e-08	8.407600e-25
0.113408      	5.688954e-03	4.750435e-04	1.601363e-04	4.786180e-04	2.446924e-08	8.407600e-25
0.113471      	5.358910e-03	4.745422e-04	1.599900e-04	4.788717e-04	2.446924e-08	8.407600e-25
0.113534      	4.919012e-03	4.740440e-04	1.598845e-04	4.792464e-04	2.446924e-08	8.407600e-25
0.113596      	4.620218e-03	4.736598e-04	1.597614e-04	4.796614e-04	2.446924e-08	8.407600e-25
0.113659      	5.730267e-03	4.737618e-04	1.597755e-04	4.802528e-04	2.446924e-08	8.407600e-25
0.113722      	5.429723e-03	4.737956e-04	1.597671e-04	4.809915e-04	2.446924e-08	8.407600e-25
0.113785      	5.539423e-03	4.737221e-04	1.597713e-04	4.816346e-04	2.446924e-08	8.407600e-25
0.113848      	5.694036e-03	4.738418e-04	1.598161e-04	4.823078e-04	2.446924e-08	8.407600e-25
0.113911      	5.706412e-03	4.739587e-04	1.598974e-04	4.829393e-04	2.446924e-08	8.407600e-25
0.113974      	5.883492e-03	4.741336e-04	1.599793e-04	4.836787e-04	2.446924e-08	8.407600e-25
0.114036      	5.990503e-03	4.743926e-04	1.601173e-04	4.845366e-04	2.446924e-08	8.407600e-25
0.1141        	6.151088e-03	4.748302e-04	1.602628e-04	4.854132e-04	2.446924e-08	8.407600e-25
0.114163      	6.036173e-03	4.755381e-04	1.604774e-04	4.864513e-04	2.446924e-08	8.407600e-25
0.114226      	6.291761e-03	4.762773e-04	1.606974e-04	4.874853e-04	2.446924e-08	8.407600e-25
0.114289      	6.333266e-03	4.771004e-04	1.610199e-04	4.887672e-04	2.446924e-08	8.407600e-25
0.114353      	6.470235e-03	4.781809e-04	1.613534e-04	4.900139e-04	2.446924e-08	8.407600e-25
0.114417      	6.960119e-03	4.794213e-04	1.617648e-04	4.914278e-04	2.446924e-08	8.407600e-25
0.11448       	6.887301e-03	4.807201e-04	1.622063e-04	4.928690e-04	2.446924e-08	8.407600e-25
0.114545      	6.644060e-03	4.821484e-04	1.627017e-04	4.944887e-04	2.446924e-08	8.407600e-25
0.114609      	6.977124e-03	4.836599e-04	1.631910e-04	4.959047e-04	2.446924e-08	8.407600e-25
0.114673      	6.985609e-03	4.851582e-04	1.636664e-04	4.971743e-04	2.446924e-08	8.407600e-25
0.114738      	6.831762e-03	4.864965e-04	1.641373e-04	4.982028e-04	2.446924e-08	8.407600e-25
0.114803      	7.179114e-03	4.875015e-04	1.644576e-04	4.987726e-04	2.446924e-08	8.407600e-25
0.114868      	6.997181e-03	4.881159e-04	1.646874e-04	4.988313e-04	2.446924e-08	8.407600e-25
0.114933      	6.821872e-03	4.884463e-04	1.648674e-04	4.987617e-04	2.446924e-08	8.407600e-25
0.114998      	6.585723e-03	4.883291e-04	1.648040e-04	4.982021e-04	2.446924e-08	8.407600e-25
0.115063      	6.403719e-03	4.874016e-04	1.645088e-04	4.968768e-04	2.446924e-08	8.407600e-25
0.115128      	6.263389e-03	4.863141e-04	1.641070e-04	4.952350e-04	2.446924e-08	8.407600e-25
0.115193      	6.291239e-03	4.850335e-04	1.636132e-04	4.935521e-04	2.446924e-08	8.407600e-25
0.115257      	5.983100e-03	4.835200e-04	1.630181e-04	4.914296e-04	2.446924e-08	8.407600e-25
0.115321      	5.956593e-03	4.821023e-04	1.624023e-04	4.891519e-04	2.446924e-08	8.407600e-25
0.115385      	5.755197e-03	4.808199e-04	1.617895e-04	4.870142e-04	2.446924e-08	8.407600e-25
0.115449      	5.700800e-03	4.795474e-04	1.611454e-04	4.850070e-04	2.446924e-08	8.407600e-25
0.115512      	5.564918e-03	4.781713e-04	1.604905e-04	4.830649e-04	2.446924e-08	8.407600e-25
0.115575      	5.491457e-03	4.772329e-04	1.598531e-04	4.813755e-04	2.446924e-08	8.407600e-25
0.115638      	5.593018e-03	4.766881e-04	1.594513e-04	4.801831e-04	2.446924e-08	8.407600e-25
0.115701      	5.161231e-03	4.764175e-04	1.592086e-04	4.796542e-04	2.446924e-08	8.407600e-25
0.115764      	5.435897e-03	4.766661e-04	1.589679e-04	4.791941e-04	2.446924e-08	8.407600e-25
0.115827      	5.364758e-03	4.770765e-04	1.589189e-04	4.789210e-04	2.446924e-08	8.407600e-25
0.11589       	5.560042e-03	4.777072e-04	1.589530e-04	4.791531e-04	2.446924e-08	8.407600e-25
0.115953      	5.533540e-03	4.783871e-04	1.590354e-04	4.793912e-04	2.446924e-08	8.407600e-25
0.116016      	5.635199e-03	4.791700e-04	1.591716e-04	4.797882e-04	2.446924e-08	8.407600e-25
0.11608       	5.720653e-03	4.799741e-04	1.593497e-04	4.804402e-04	2.446924e-08	8.407600e-25
0.116143      	5.818488e-03	4.807653e-04	1.594682e-04	4.809532e-04	2.446924e-08	8.407600e-25
0.116206      	5.883940e-03	4.815841e-04	1.596610e-04	4.813210e-04	2.446924e-08	8.407600e-25
0.11627       	6.110129e-03	4.822040e-04	1.598303e-04	4.818296e-04	2.446924e-08	8.407600e-25
0.116334      	6.130083e-03	4.826516e-04	1.599724e-04	4.821883e-04	2.446924e-08	8.407600e-25
0.116397      	6.383649e-03	4.830399e-04	1.599869e-04	4.824612e-04	2.446924e-08	8.407600e-25
0.116461      	6.494945e-03	4.831267e-04	1.599610e-04	4.822622e-04	2.446924e-08	8.407600e-25
0.116525      	6.533141e-03	4.828571e-04	1.599127e-04	4.819063e-04	2.446924e-08	8.407600e-25
0.116589      	6.977952e-03	4.826624e-04	1.598216e-04	4.816449e-04	2.446924e-08	8.407600e-25
0.116653      	6.785771e-03	4.823633e-04	1.596860e-04	4.811963e-04	2.446924e-08	8.407600e-25
0.116716      	6.948530e-03	4.816824e-04	1.594975e-04	4.805174e-04	2.446924e-08	8.407600e-25
0.11678       	6.692749e-03	4.811175e-04	1.593684e-04	4.799338e-04	2.446924e-08	8.407600e-25
0.116843      	6.770257e-03	4.802891e-04	1.591048e-04	4.791084e-04	2.446924e-08	8.407600e-25
0.116907      	6.859960e-03	4.792630e-04	1.588564e-04	4.781069e-04	2.446924e-08	8.407600e-25
0.11697       	6.737795e-03	4.781093e-04	1.585916e-04	4.771160e-04	2.446924e-08	8.407600e-25
0.117033      	6.567055e-03	4.770257e-04	1.583058e-04	4.762470e-04	2.446924e-08	8.407600e-25
0.117097      	6.331496e-03	4.758263e-04	1.580637e-04	4.753478e-04	2.446924e-08	8.407600e-25
0.11716       	6.385129e-03	4.746647e-04	1.578035e-04	4.745357e-04	2.446924e-08	8.407600e-25
0.117223      	5.982833e-03	4.739252e-04	1.577580e-04	4.742293e-04	2.446924e-08	8.407600e-25
0.117286      	5.926248e-03	4.735465e-04	1.577721e-04	4.741707e-04	2.446924e-08	8.407600e-25
0.117349      	6.064553e-03	4.731112e-04	1.577241e-04	4.743370e-04	2.446924e-08	8.407600e-25
0.117412      	5.814155e-03	4.729048e-04	1.577703e-04	4.745595e-04	2.446924e-08	8.407600e-25
0.117475      	5.833725e-03	4.728319e-04	1.579153e-04	4.751795e-04	2.446924e-08	8.407600e-25
0.117538      	5.544079e-03	4.725308e-04	1.579569e-04	4.756751e-04	2.446924e-08	8.407600e-25
0.117601      	5.786935e-03	4.721331e-04	1.579700e-04	4.761103e-04	2.446924e-08	8.407600e-25
0.117664      	5.366901e-03	4.717450e-04	1.579616e-04	4.764497e-04	2.446924e-08	8.407600e-25
0.117727      	5.690264e-03	4.712912e-04	1.579605e-04	4.769078e-04	2.446924e-08	8.407600e-25
0.11779       	5.581893e-03	4.708992e-04	1.579939e-04	4.774056e-04	2.446924e-08	8.407600e-25
0.117853      	5.638153e-03	4.707273e-04	1.581536e-04	4.777904e-04	2.446924e-08	8.407600e-25
0.117916      	5.451636e-03	4.702498e-04	1.579817e-04	4.783363e-04	2.446924e-08	8.407600e-25
0.117979      	5.456765e-03	4.697341e-04	1.578924e-04	4.786129e-04	2.446924e-08	8.407600e-25
0.118042      	5.803603e-03	4.690938e-04	1.578553e-04	4.789201e-04	2.446924e-08	8.407600e-25
0.118105      	5.745273e-03	4.686731e-04	1.578235e-04	4.792072e-04	2.446924e-08	8.407600e-25
0.118169      	5.608899e-03	4.681064e-04	1.577306e-04	4.795074e-04	2.446924e-08	8.407600e-25
0.118232      	5.774812e-03	4.675520e-04	1.576878e-04	4.795922e-04	2.446924e-08	8.407600e-25
0.118295      	5.669363e-03	4.668751e-04	1.576001e-04	4.795976e-04	2.446924e-08	8.407600e-25
0.118358      	5.897958e-03	4.663320e-04	1.574934e-04	4.797675e-04	2.446924e-08	8.407600e-25
0.118421      	6.026860e-03	4.658832e-04	1.574029e-04	4.798631e-04	2.446924e-08	8.407600e-25
0.118484      	6.125696e-03	4.656126e-04	1.573979e-04	4.800867e-04	2.446924e-08	8.407600e-25
0.118547      	6.252185e-03	4.654362e-04	1.574366e-04	4.803972e-04	2.446924e-08	8.407600e-25
0.11861       	6.317380e-03	4.653664e-04	1.575063e-04	4.808516e-04	2.446924e-08	8.407600e-25
0.118673      	6.415362e-03	4.656169e-04	1.576068e-04	4.814225e-04	2.446924e-08	8.407600e-25
0.118736      	7.339476e-03	4.660274e-04	1.578475e-04	4.821406e-04	2.446924e-08	8.407600e-25
0.118799      	6.757236e-03	4.665332e-04	1.580870e-04	4.829706e-04	2.446924e-08	8.407600e-25
0.118863      	6.724764e-03	4.671940e-04	1.583648e-04	4.837880e-04	2.446924e-08	8.407600e-25
0.118926      	6.708089e-03	4.680178e-04	1.586372e-04	4.846001e-04	2.446924e-08	8.407600e-25
0.11899       	6.952004e-03	4.688685e-04	1.589293e-04	4.854519e-04	2.446924e-08	8.407600e-25
0.119054      	6.834351e-03	4.695943e-04	1.592882e-04	4.862408e-04	2.446924e-08	8.407600e-25
0.119118      	6.904984e-03	4.703892e-04	1.596260e-04	4.869679e-04	2.446924e-08	8.407600e-25
0.119182      	6.652330e-03	4.712900e-04	1.600222e-04	4.876875e-04	2.446924e-08	8.407600e-25
0.119247      	6.385032e-03	4.720207e-04	1.603185e-04	4.882938e-04	2.446924e-08	8.407600e-25
0.119311      	6.170719e-03	4.723868e-04	1.605175e-04	4.883863e-04	2.446924e-08	8.407600e-25
0.119375      	6.072730e-03	4.726650e-04	1.606294e-04	4.881372e-04	2.446924e-08	8.407600e-25
0.11944       	6.305354e-03	4.727569e-04	1.606340e-04	4.877546e-04	2.446924e-08	8.407600e-25
0.119504      	5.980864e-03	4.726413e-04	1.605521e-04	4.872923e-04	2.446924e-08	8.407600e-25
0.119568      	6.043169e-03	4.724914e-04	1.603741e-04	4.864997e-04	2.446924e-08	8.407600e-25
0.119633      	5.730258e-03	4.722204e-04	1.601208e-04	4.854498e-04	2.446924e-08	8.407600e-25
0.119697      	5.775172e-03	4.720642e-04	1.598717e-04	4.843447e-04	2.446924e-08	8.407600e-25
0.119761      	5.849598e-03	4.715812e-04	1.595445e-04	4.832155e-04	2.446924e-08	8.407600e-25
0.119825      	5.641613e-03	4.709358e-04	1.590444e-04	4.816955e-04	2.446924e-08	8.407600e-25
0.119888      	5.631873e-03	4.703955e-04	1.585956e-04	4.801405e-04	2.446924e-08	8.407600e-25
0.119952      	5.255905e-03	4.698487e-04	1.581863e-04	4.785409e-04	2.446924e-08	8.407600e-25
0.120015      	6.554914e-03	4.692640e-04	1.576583e-04	4.770286e-04	2.446924e-08	8.407600e-25
0.120079      	5.539092e-03	4.689840e-04	1.574172e-04	4.763169e-04	2.446924e-08	8.407600e-25
0.120142      	5.660181e-03	4.688621e-04	1.571327e-04	4.754720e-04	2.446924e-08	8.407600e-25
0.120205      	5.411957e-03	4.688030e-04	1.569504e-04	4.747585e-04	2.446924e-08	8.407600e-25
0.120269      	5.435718e-03	4.688448e-04	1.568615e-04	4.742700e-04	2.446924e-08	8.407600e-25
0.120332      	5.437112e-03	4.689684e-04	1.567998e-04	4.739619e-04	2.446924e-08	8.407600e-25
0.120395      	5.571043e-03	4.691697e-04	1.566938e-04	4.737110e-04	2.446924e-08	8.407600e-25
0.120458      	5.665783e-03	4.692336e-04	1.566089e-04	4.734230e-04	2.446924e-08	8.407600e-25
0.120522      	5.988191e-03	4.692255e-04	1.565285e-04	4.731318e-04	2.446924e-08	8.407600e-25
0.120585      	5.880242e-03	4.692007e-04	1.564104e-04	4.728694e-04	2.446924e-08	8.407600e-25
0.120648      	6.169599e-03	4.691991e-04	1.563065e-04	4.726574e-04	2.446924e-08	8.407600e-25
0.120712      	6.316561e-03	4.692551e-04	1.561981e-04	4.724953e-04	2.446924e-08	8.407600e-25
0.120775      	6.230518e-03	4.691117e-04	1.561152e-04	4.721515e-04	2.446924e-08	8.407600e-25
0.120838      	6.355159e-03	4.689201e-04	1.559882e-04	4.719890e-04	2.446924e-08	8.407600e-25
0.120902      	6.759985e-03	4.687615e-04	1.558809e-04	4.717713e-04	2.446924e-08	8.407600e-25
0.120965      	6.798128e-03	4.684983e-04	1.558393e-04	4.715266e-04	2.446924e-08	8.407600e-25
0.121028      	6.630220e-03	4.680503e-04	1.556476e-04	4.711054e-04	2.446924e-08	8.407600e-25
0.121092      	6.719994e-03	4.674451e-04	1.555167e-04	4.707170e-04	2.446924e-08	8.407600e-25
0.121155      	6.764366e-03	4.669130e-04	1.554054e-04	4.703746e-04	2.446924e-08	8.407600e-25
0.121218      	6.422361e-03	4.663211e-04	1.552238e-04	4.699201e-04	2.446924e-08	8.407600e-25
0.121281      	6.394192e-03	4.657597e-04	1.551089e-04	4.694935e-04	2.446924e-08	8.407600e-25
0.121344      	6.366023e-03	4.649713e-04	1.548949e-04	4.689382e-04	2.446924e-08	8.407600e-25
0.121407      	6.425074e-03	4.643575e-04	1.546787e-04	4.685380e-04	2.446924e-08	8.407600e-25
0.12147       	6.125506e-03	4.638966e-04	1.546000e-04	4.683494e-04	2.446924e-08	8.407600e-25
0.121533      	6.099654e-03	4.635305e-04	1.545447e-04	4.683979e-04	2.446924e-08	8.407600e-25
0.121596      	5.917368e-03	4.630664e-04	1.544851e-04	4.684149e-04	2.446924e-08	8.407600e-25
0.121659      	5.722144e-03	4.625162e-04	1.544412e-04	4.684573e-04	2.446924e-08	8.407600e-25
0.121722      	5.673745e-03	4.621600e-04	1.544368e-04	4.685658e-04	2.446924e-08	8.407600e-25
0.121785      	5.568517e-03	4.615923e-04	1.543693e-04	4.686115e-04	2.446924e-08	8.407600e-25
0.121848      	5.682819e-03	4.606069e-04	1.541995e-04	4.685447e-04	2.446924e-08	8.407600e-25
0.121911      	5.380613e-03	4.596627e-04	1.539814e-04	4.682325e-04	2.446924e-08	8.407600e-25
0.121974      	5.612874e-03	4.588184e-04	1.537831e-04	4.680652e-04	2.446924e-08	8.407600e-25
0.122037      	5.288596e-03	4.579515e-04	1.536207e-04	4.679988e-04	2.446924e-08	8.407600e-25
0.122099      	5.006163e-03	4.570039e-04	1.534377e-04	4.679833e-04	2.446924e-08	8.407600e-25
0.122162      	5.087589e-03	4.561973e-04	1.532956e-04	4.680975e-04	2.446924e-08	8.407600e-25
0.122225      	5.488437e-03	4.559628e-04	1.532403e-04	4.683772e-04	2.446924e-08	8.407600e-25
0.122287      	5.457099e-03	4.554342e-04	1.532331e-04	4.687600e-04	2.446924e-08	8.407600e-25
0.12235       	5.315123e-03	4.548087e-04	1.532050e-04	4.690116e-04	2.446924e-08	8.407600e-25
0.122413      	5.464336e-03	4.544087e-04	1.531169e-04	4.693364e-04	2.446924e-08	8.407600e-25
0.122475      	5.407159e-03	4.540879e-04	1.531311e-04	4.696557e-04	2.446924e-08	8.407600e-25
0.122538      	5.575633e-03	4.537455e-04	1.531212e-04	4.700053e-04	2.446924e-08	8.407600e-25
0.122601      	5.665064e-03	4.535453e-04	1.531357e-04	4.704241e-04	2.446924e-08	8.407600e-25
0.122664      	5.894669e-03	4.536135e-04	1.532675e-04	4.711210e-04	2.446924e-08	8.407600e-25
0.122727      	5.796225e-03	4.539323e-04	1.533907e-04	4.719483e-04	2.446924e-08	8.407600e-25
0.12279       	6.026063e-03	4.542122e-04	1.535189e-04	4.726506e-04	2.446924e-08	8.407600e-25
0.122853      	6.256688e-03	4.546409e-04	1.537455e-04	4.735429e-04	2.446924e-08	8.407600e-25
0.122916      	6.147722e-03	4.553607e-04	1.539628e-04	4.744938e-04	2.446924e-08	8.407600e-25
0.122979      	6.377618e-03	4.562420e-04	1.543005e-04	4.756457e-04	2.446924e-08	8.407600e-25
0.123043      	6.693654e-03	4.571961e-04	1.546252e-04	4.768683e-04	2.446924e-08	8.407600e-25
0.123106      	6.893814e-03	4.581972e-04	1.550132e-04	4.781185e-04	2.446924e-08	8.407600e-25
0.12317       	6.797996e-03	4.593032e-04	1.553567e-04	4.793082e-04	2.446924e-08	8.407600e-25
0.123234      	6.753197e-03	4.604357e-04	1.557186e-04	4.804504e-04	2.446924e-08	8.407600e-25
0.123298      	6.816137e-03	4.616308e-04	1.561064e-04	4.814489e-04	2.446924e-08	8.407600e-25
0.123363      	6.615676e-03	4.628159e-04	1.564844e-04	4.823563e-04	2.446924e-08	8.407600e-25
0.123427      	6.647055e-03	4.638653e-04	1.568365e-04	4.829655e-04	2.446924e-08	8.407600e-25
0.123492      	6.550537e-03	4.647999e-04	1.570725e-04	4.834746e-04	2.446924e-08	8.407600e-25
0.123556      	6.369421e-03	4.651152e-04	1.571386e-04	4.834612e-04	2.446924e-08	8.407600e-25
0.123621      	6.264853e-03	4.649351e-04	1.569561e-04	4.826827e-04	2.446924e-08	8.407600e-25
0.123686      	6.350828e-03	4.643199e-04	1.567586e-04	4.815214e-04	2.446924e-08	8.407600e-25
0.12375       	5.968615e-03	4.636196e-04	1.563155e-04	4.802115e-04	2.446924e-08	8.407600e-25
0.123815      	6.031719e-03	4.625315e-04	1.557754e-04	4.785293e-04	2.446924e-08	8.407600e-25
0.123879      	5.738623e-03	4.612475e-04	1.551721e-04	4.762763e-04	2.446924e-08	8.407600e-25
0.123943      	5.754982e-03	4.601160e-04	1.544504e-04	4.741415e-04	2.446924e-08	8.407600e-25
0.124006      	5.515489e-03	4.589348e-04	1.537954e-04	4.718972e-04	2.446924e-08	8.407600e-25
0.12407       	5.486260e-03	4.575780e-04	1.530194e-04	4.695230e-04	2.446924e-08	8.407600e-25
0.124133      	5.416336e-03	4.564033e-04	1.523200e-04	4.671218e-04	2.446924e-08	8.407600e-25
0.124196      	5.736681e-03	4.556484e-04	1.517748e-04	4.653314e-04	2.446924e-08	8.407600e-25
0.124258      	5.038266e-03	4.552652e-04	1.514131e-04	4.639288e-04	2.446924e-08	8.407600e-25
0.124321      	4.785409e-03	4.551499e-04	1.511382e-04	4.628166e-04	2.446924e-08	8.407600e-25
0.124384      	5.542352e-03	4.554564e-04	1.510242e-04	4.623286e-04	2.446924e-08	8.407600e-25
0.124446      	5.367256e-03	4.559137e-04	1.509887e-04	4.620001e-04	2.446924e-08	8.407600e-25
0.124509      	5.679870e-03	4.564857e-04	1.510320e-04	4.617125e-04	2.446924e-08	8.407600e-25
0.124571      	5.423149e-03	4.572000e-04	1.511558e-04	4.617128e-04	2.446924e-08	8.407600e-25
0.124634      	5.753756e-03	4.579843e-04	1.513501e-04	4.618391e-04	2.446924e-08	8.407600e-25
0.124697      	5.596204e-03	4.588096e-04	1.514625e-04	4.620394e-04	2.446924e-08	8.407600e-25
0.12476       	5.976114e-03	4.596388e-04	1.516779e-04	4.621988e-04	2.446924e-08	8.407600e-25
0.124823      	5.838911e-03	4.604175e-04	1.518161e-04	4.624700e-04	2.446924e-08	8.407600e-25
0.124886      	5.924846e-03	4.611938e-04	1.520069e-04	4.628403e-04	2.446924e-08	8.407600e-25
0.124949      	6.019159e-03	4.619120e-04	1.521603e-04	4.632610e-04	2.446924e-08	8.407600e-25
0.125013      	6.084767e-03	4.624868e-04	1.522913e-04	4.636591e-04	2.446924e-08	8.407600e-25
0.125076      	6.387880e-03	4.630159e-04	1.523642e-04	4.639226e-04	2.446924e-08	8.407600e-25
0.12514       	6.323480e-03	4.635320e-04	1.524523e-04	4.642911e-04	2.446924e-08	8.407600e-25
0.125203      	6.489895e-03	4.639246e-04	1.525194e-04	4.645472e-04	2.446924e-08	8.407600e-25
0.125267      	6.615275e-03	4.642178e-04	1.525658e-04	4.647949e-04	2.446924e-08	8.407600e-25
0.125331      	6.715626e-03	4.642627e-04	1.525136e-04	4.648167e-04	2.446924e-08	8.407600e-25
0.125395      	6.692117e-03	4.640878e-04	1.523921e-04	4.647716e-04	2.446924e-08	8.407600e-25
0.125458      	6.686930e-03	4.638098e-04	1.523186e-04	4.644675e-04	2.446924e-08	8.407600e-25
0.125522      	6.608177e-03	4.632857e-04	1.521281e-04	4.641277e-04	2.446924e-08	8.407600e-25
0.125586      	6.372573e-03	4.627545e-04	1.519629e-04	4.637409e-04	2.446924e-08	8.407600e-25
0.125649      	6.336194e-03	4.619588e-04	1.517058e-04	4.631482e-04	2.446924e-08	8.407600e-25
0.125713      	6.171660e-03	4.608903e-04	1.513671e-04	4.621932e-04	2.446924e-08	8.407600e-25
0.125776      	6.125317e-03	4.597843e-04	1.510468e-04	4.613449e-04	2.446924e-08	8.407600e-25
0.12584       	5.883730e-03	4.588673e-04	1.507893e-04	4.607393e-04	2.446924e-08	8.407600e-25
0.125903      	5.943799e-03	4.579455e-04	1.505315e-04	4.601917e-04	2.446924e-08	8.407600e-25
0.125966      	5.803781e-03	4.569252e-04	1.502836e-04	4.595533e-04	2.446924e-08	8.407600e-25
0.126029      	5.707882e-03	4.561531e-04	1.500898e-04	4.592431e-04	2.446924e-08	8.407600e-25
0.126092      	5.739684e-03	4.553557e-04	1.499514e-04	4.591138e-04	2.446924e-08	8.407600e-25
0.126155      	5.459857e-03	4.545843e-04	1.498165e-04	4.589646e-04	2.446924e-08	8.407600e-25
0.126218      	5.607437e-03	4.538701e-04	1.497395e-04	4.588009e-04	2.446924e-08	8.407600e-25
0.126281      	5.594116e-03	4.533170e-04	1.497438e-04	4.589165e-04	2.446924e-08	8.407600e-25
0.126344      	5.696964e-03	4.528348e-04	1.497388e-04	4.592619e-04	2.446924e-08	8.407600e-25
0.126407      	4.969005e-03	4.526251e-04	1.498372e-04	4.596203e-04	2.446924e-08	8.407600e-25
0.12647       	4.913569e-03	4.522846e-04	1.499086e-04	4.599904e-04	2.446924e-08	8.407600e-25
0.126533      	5.619287e-03	4.519816e-04	1.498675e-04	4.603542e-04	2.446924e-08	8.407600e-25
0.126596      	5.470261e-03	4.516044e-04	1.498639e-04	4.608488e-04	2.446924e-08	8.407600e-25
0.126659      	5.616545e-03	4.512209e-04	1.498713e-04	4.611988e-04	2.446924e-08	8.407600e-25
0.126722      	5.458630e-03	4.508503e-04	1.498810e-04	4.614298e-04	2.446924e-08	8.407600e-25
0.126785      	5.721935e-03	4.502462e-04	1.498432e-04	4.613852e-04	2.446924e-08	8.407600e-25
0.126848      	5.627648e-03	4.495147e-04	1.497473e-04	4.612499e-04	2.446924e-08	8.407600e-25
0.126911      	5.750785e-03	4.488403e-04	1.496975e-04	4.611714e-04	2.446924e-08	8.407600e-25
0.126974      	5.561745e-03	4.482170e-04	1.496365e-04	4.610453e-04	2.446924e-08	8.407600e-25
0.127037      	5.901243e-03	4.476659e-04	1.495789e-04	4.609960e-04	2.446924e-08	8.407600e-25
0.1271        	6.032517e-03	4.473072e-04	1.495523e-04	4.609663e-04	2.446924e-08	8.407600e-25
0.127163      	6.188722e-03	4.471302e-04	1.496470e-04	4.610815e-04	2.446924e-08	8.407600e-25
0.127226      	6.207942e-03	4.470116e-04	1.496931e-04	4.611708e-04	2.446924e-08	8.407600e-25
0.127289      	6.290076e-03	4.471550e-04	1.498499e-04	4.615455e-04	2.446924e-08	8.407600e-25
0.127352      	6.450730e-03	4.474618e-04	1.500381e-04	4.621590e-04	2.446924e-08	8.407600e-25
0.127416      	6.610935e-03	4.478829e-04	1.502290e-04	4.627494e-04	2.446924e-08	8.407600e-25
0.127479      	6.739648e-03	4.483820e-04	1.504399e-04	4.632904e-04	2.446924e-08	8.407600e-25
0.127542      	6.826898e-03	4.489656e-04	1.506613e-04	4.637247e-04	2.446924e-08	8.407600e-25
0.127606      	6.854092e-03	4.495851e-04	1.509296e-04	4.642516e-04	2.446924e-08	8.407600e-25
0.12767       	6.445638e-03	4.502193e-04	1.511699e-04	4.646063e-04	2.446924e-08	8.407600e-25
0.127733      	6.532170e-03	4.508930e-04	1.514173e-04	4.649603e-04	2.446924e-08	8.407600e-25
0.127797      	6.374719e-03	4.513695e-04	1.516236e-04	4.651711e-04	2.446924e-08	8.407600e-25
0.127861      	6.191747e-03	4.517183e-04	1.516613e-04	4.651094e-04	2.446924e-08	8.407600e-25
0.127925      	6.387094e-03	4.520534e-04	1.517775e-04	4.649621e-04	2.446924e-08	8.407600e-25
0.127989      	5.923484e-03	4.522841e-04	1.517937e-04	4.646850e-04	2.446924e-08	8.407600e-25
0.128053      	6.138782e-03	4.523228e-04	1.517596e-04	4.643140e-04	2.446924e-08	8.407600e-25
0.128117      	5.811486e-03	4.522885e-04	1.516062e-04	4.636344e-04	2.446924e-08	8.407600e-25
0.128181      	5.805665e-03	4.521626e-04	1.513963e-04	4.626923e-04	2.446924e-08	8.407600e-25
0.128245      	5.586846e-03	4.521294e-04	1.511662e-04	4.616854e-04	2.446924e-08	8.407600e-25
0.128308      	5.669297e-03	4.518634e-04	1.508461e-04	4.604560e-04	2.446924e-08	8.407600e-25
0.128372      	5.461410e-03	4.514440e-04	1.504469e-04	4.589900e-04	2.446924e-08	8.407600e-25
0.128435      	5.364185e-03	4.509919e-04	1.500528e-04	4.574823e-04	2.446924e-08	8.407600e-25
0.128499      	5.472766e-03	4.504730e-04	1.496573e-04	4.560202e-04	2.446924e-08	8.407600e-25
0.128562      	5.246034e-03	4.499740e-04	1.494395e-04	4.549279e-04	2.446924e-08	8.407600e-25
0.128625      	5.162174e-03	4.497790e-04	1.491226e-04	4.537689e-04	2.446924e-08	8.407600e-25
0.128688      	5.273539e-03	4.498007e-04	1.489760e-04	4.528298e-04	2.446924e-08	8.407600e-25
0.128751      	5.619384e-03	4.498941e-04	1.488741e-04	4.521249e-04	2.446924e-08	8.407600e-25
0.128813      	5.437849e-03	4.498887e-04	1.488788e-04	4.514893e-04	2.446924e-08	8.407600e-25
0.128876      	5.550404e-03	4.500315e-04	1.488076e-04	4.509523e-04	2.446924e-08	8.407600e-25
0.128939      	5.561925e-03	4.501337e-04	1.487757e-04	4.505231e-04	2.446924e-08	8.407600e-25
0.129002      	5.624256e-03	4.503033e-04	1.488400e-04	4.501280e-04	2.446924e-08	8.407600e-25
0.129065      	5.748209e-03	4.505121e-04	1.489056e-04	4.497447e-04	2.446924e-08	8.407600e-25
0.129128      	5.952043e-03	4.508228e-04	1.489596e-04	4.496409e-04	2.446924e-08	8.407600e-25
0.129191      	6.028262e-03	4.512684e-04	1.490544e-04	4.495484e-04	2.446924e-08	8.407600e-25
0.129254      	6.201545e-03	4.516612e-04	1.491659e-04	4.495797e-04	2.446924e-08	8.407600e-25
0.129317      	6.225554e-03	4.521232e-04	1.492449e-04	4.495847e-04	2.446924e-08	8.407600e-25
0.12938       	6.502905e-03	4.525335e-04	1.493464e-04	4.496605e-04	2.446924e-08	8.407600e-25
0.129443      	6.792089e-03	4.531171e-04	1.494417e-04	4.499843e-04	2.446924e-08	8.407600e-25
0.129507      	6.551457e-03	4.535304e-04	1.494851e-04	4.501493e-04	2.446924e-08	8.407600e-25
0.12957       	6.990369e-03	4.536488e-04	1.495569e-04	4.502384e-04	2.446924e-08	8.407600e-25
0.129633      	6.829208e-03	4.537313e-04	1.494167e-04	4.503057e-04	2.446924e-08	8.407600e-25
0.129697      	6.641612e-03	4.536537e-04	1.493507e-04	4.503472e-04	2.446924e-08	8.407600e-25
0.12976       	6.708247e-03	4.534556e-04	1.492765e-04	4.502288e-04	2.446924e-08	8.407600e-25
0.129823      	6.518161e-03	4.531618e-04	1.491286e-04	4.502234e-04	2.446924e-08	8.407600e-25
0.129887      	6.473909e-03	4.527605e-04	1.490238e-04	4.501339e-04	2.446924e-08	8.407600e-25
0.12995       	6.190771e-03	4.520328e-04	1.487113e-04	4.497600e-04	2.446924e-08	8.407600e-25
0.130013      	6.251284e-03	4.513361e-04	1.484721e-04	4.493101e-04	2.446924e-08	8.407600e-25
0.130077      	6.120093e-03	4.507231e-04	1.482714e-04	4.490332e-04	2.446924e-08	8.407600e-25
0.13014       	5.855283e-03	4.502233e-04	1.480981e-04	4.488448e-04	2.446924e-08	8.407600e-25
0.130203      	5.831517e-03	4.494919e-04	1.478688e-04	4.485894e-04	2.446924e-08	8.407600e-25
0.130266      	5.808094e-03	4.487105e-04	1.476491e-04	4.482209e-04	2.446924e-08	8.407600e-25
0.130329      	5.889643e-03	4.479552e-04	1.474858e-04	4.481527e-04	2.446924e-08	8.407600e-25
0.130392      	5.474017e-03	4.470608e-04	1.472995e-04	4.480425e-04	2.446924e-08	8.407600e-25
0.130455      	5.663181e-03	4.460681e-04	1.470802e-04	4.477337e-04	2.446924e-08	8.407600e-25
0.130517      	5.359205e-03	4.450631e-04	1.468897e-04	4.474864e-04	2.446924e-08	8.407600e-25
0.13058       	5.433631e-03	4.442163e-04	1.467195e-04	4.473896e-04	2.446924e-08	8.407600e-25
0.130643      	5.468308e-03	4.433165e-04	1.465720e-04	4.475148e-04	2.446924e-08	8.407600e-25
0.130705      	5.233862e-03	4.428327e-04	1.466429e-04	4.475659e-04	2.446924e-08	8.407600e-25
0.130768      	5.184364e-03	4.420514e-04	1.464671e-04	4.476475e-04	2.446924e-08	8.407600e-25
0.13083       	5.289317e-03	4.415456e-04	1.464493e-04	4.478685e-04	2.446924e-08	8.407600e-25
0.130893      	5.515717e-03	4.409434e-04	1.464292e-04	4.480690e-04	2.446924e-08	8.407600e-25
0.130955      	5.400534e-03	4.404754e-04	1.463771e-04	4.481970e-04	2.446924e-08	8.407600e-25
0.131018      	5.485919e-03	4.399525e-04	1.463599e-04	4.484178e-04	2.446924e-08	8.407600e-25
0.13108       	5.524755e-03	4.395744e-04	1.464105e-04	4.485675e-04	2.446924e-08	8.407600e-25
0.131143      	5.672345e-03	4.392491e-04	1.464148e-04	4.488064e-04	2.446924e-08	8.407600e-25
0.131205      	5.694194e-03	4.390679e-04	1.465277e-04	4.492271e-04	2.446924e-08	8.407600e-25
0.131268      	5.953752e-03	4.391498e-04	1.467300e-04	4.496994e-04	2.446924e-08	8.407600e-25
0.131331      	6.057292e-03	4.391089e-04	1.468420e-04	4.501271e-04	2.446924e-08	8.407600e-25
0.131393      	6.034314e-03	4.392585e-04	1.470360e-04	4.506934e-04	2.446924e-08	8.407600e-25
0.131456      	6.261558e-03	4.397119e-04	1.473139e-04	4.514674e-04	2.446924e-08	8.407600e-25
0.131519      	6.507627e-03	4.403035e-04	1.475858e-04	4.524021e-04	2.446924e-08	8.407600e-25
0.131582      	6.668360e-03	4.410647e-04	1.479302e-04	4.532941e-04	2.446924e-08	8.407600e-25
0.131645      	6.557098e-03	4.417820e-04	1.482994e-04	4.542327e-04	2.446924e-08	8.407600e-25
0.131709      	6.693069e-03	4.426735e-04	1.486206e-04	4.551486e-04	2.446924e-08	8.407600e-25
0.131772      	6.949961e-03	4.435922e-04	1.489734e-04	4.560150e-04	2.446924e-08	8.407600e-25
0.131836      	6.855878e-03	4.445467e-04	1.492655e-04	4.568179e-04	2.446924e-08	8.407600e-25
0.131899      	6.693531e-03	4.455521e-04	1.496186e-04	4.576157e-04	2.446924e-08	8.407600e-25
0.131963      	6.671094e-03	4.466129e-04	1.499358e-04	4.581275e-04	2.446924e-08	8.407600e-25
0.132027      	6.702404e-03	4.475919e-04	1.502723e-04	4.585850e-04	2.446924e-08	8.407600e-25
0.132091      	6.341240e-03	4.482816e-04	1.503832e-04	4.587527e-04	2.446924e-08	8.407600e-25
0.132156      	6.572210e-03	4.487904e-04	1.504717e-04	4.586709e-04	2.446924e-08	8.407600e-25
0.13222       	6.302785e-03	4.492310e-04	1.504881e-04	4.582700e-04	2.446924e-08	8.407600e-25
0.132284      	6.078188e-03	4.494459e-04	1.504359e-04	4.576933e-04	2.446924e-08	8.407600e-25
0.132348      	6.217292e-03	4.492863e-04	1.502568e-04	4.569309e-04	2.446924e-08	8.407600e-25
0.132413      	5.798042e-03	4.490081e-04	1.499198e-04	4.557277e-04	2.446924e-08	8.407600e-25
0.132477      	5.619813e-03	4.487702e-04	1.495526e-04	4.543430e-04	2.446924e-08	8.407600e-25
0.13254       	5.553659e-03	4.482585e-04	1.491214e-04	4.526454e-04	2.446924e-08	8.407600e-25
0.132604      	5.583806e-03	4.474717e-04	1.485759e-04	4.508196e-04	2.446924e-08	8.407600e-25
0.132668      	5.523953e-03	4.468159e-04	1.480291e-04	4.489191e-04	2.446924e-08	8.407600e-25
0.132731      	5.703063e-03	4.462470e-04	1.475223e-04	4.470107e-04	2.446924e-08	8.407600e-25
0.132794      	5.574479e-03	4.458356e-04	1.470523e-04	4.453139e-04	2.446924e-08	8.407600e-25
0.132857      	6.121404e-03	4.455510e-04	1.469488e-04	4.442877e-04	2.446924e-08	8.407600e-25
0.13292       	5.493157e-03	4.454726e-04	1.465411e-04	4.429050e-04	2.446924e-08	8.407600e-25
0.132982      	5.545738e-03	4.456330e-04	1.463953e-04	4.418287e-04	2.446924e-08	8.407600e-25
0.133045      	5.613929e-03	4.459309e-04	1.463384e-04	4.409680e-04	2.446924e-08	8.407600e-25
0.133108      	5.564671e-03	4.462415e-04	1.463295e-04	4.402913e-04	2.446924e-08	8.407600e-25
0.133171      	5.596956e-03	4.467536e-04	1.463373e-04	4.397623e-04	2.446924e-08	8.407600e-25
0.133233      	5.616944e-03	4.472612e-04	1.464491e-04	4.392950e-04	2.446924e-08	8.407600e-25
0.133296      	5.726770e-03	4.479008e-04	1.464918e-04	4.388908e-04	2.446924e-08	8.407600e-25
0.133359      	5.826820e-03	4.487094e-04	1.467332e-04	4.387124e-04	2.446924e-08	8.407600e-25
0.133422      	6.101452e-03	4.494171e-04	1.469352e-04	4.386180e-04	2.446924e-08	8.407600e-25
0.133485      	6.036995e-03	4.501378e-04	1.470178e-04	4.385129e-04	2.446924e-08	8.407600e-25
0.133548      	6.304361e-03	4.509791e-04	1.473423e-04	4.385608e-04	2.446924e-08	8.407600e-25
0.133611      	6.382194e-03	4.517640e-04	1.474348e-04	4.385412e-04	2.446924e-08	8.407600e-25
0.133674      	6.457187e-03	4.526562e-04	1.475784e-04	4.387098e-04	2.446924e-08	8.407600e-25
0.133737      	7.255057e-03	4.534931e-04	1.477867e-04	4.388639e-04	2.446924e-08	8.407600e-25
0.1338        	6.678637e-03	4.541742e-04	1.479435e-04	4.389175e-04	2.446924e-08	8.407600e-25
0.133864      	6.816434e-03	4.546321e-04	1.480023e-04	4.388352e-04	2.446924e-08	8.407600e-25
0.133927      	6.739344e-03	4.550855e-04	1.480495e-04	4.389116e-04	2.446924e-08	8.407600e-25
0.133991      	7.124162e-03	4.554074e-04	1.480175e-04	4.388244e-04	2.446924e-08	8.407600e-25
0.134054      	6.964188e-03	4.555810e-04	1.480087e-04	4.386240e-04	2.446924e-08	8.407600e-25
0.134118      	6.960344e-03	4.556449e-04	1.479660e-04	4.385741e-04	2.446924e-08	8.407600e-25
0.134182      	6.720466e-03	4.555873e-04	1.478711e-04	4.384015e-04	2.446924e-08	8.407600e-25
0.134245      	6.345449e-03	4.552205e-04	1.476889e-04	4.379100e-04	2.446924e-08	8.407600e-25
0.134309      	6.244793e-03	4.549083e-04	1.474931e-04	4.374274e-04	2.446924e-08	8.407600e-25
0.134372      	5.839432e-03	4.545763e-04	1.473077e-04	4.371310e-04	2.446924e-08	8.407600e-25
0.134436      	6.097515e-03	4.543326e-04	1.471237e-04	4.368800e-04	2.446924e-08	8.407600e-25
0.134499      	5.788355e-03	4.538855e-04	1.469586e-04	4.363919e-04	2.446924e-08	8.407600e-25
0.134562      	5.764466e-03	4.533905e-04	1.467046e-04	4.358817e-04	2.446924e-08	8.407600e-25
0.134626      	5.526921e-03	4.528910e-04	1.464984e-04	4.355916e-04	2.446924e-08	8.407600e-25
0.134689      	5.545778e-03	4.523240e-04	1.463490e-04	4.352316e-04	2.446924e-08	8.407600e-25
0.134752      	5.496141e-03	4.514486e-04	1.460479e-04	4.345543e-04	2.446924e-08	8.407600e-25
0.134815      	5.606464e-03	4.505365e-04	1.459028e-04	4.339305e-04	2.446924e-08	8.407600e-25
0.134878      	5.677624e-03	4.497823e-04	1.456203e-04	4.335572e-04	2.446924e-08	8.407600e-25
0.134941      	5.715239e-03	4.490188e-04	1.454588e-04	4.334151e-04	2.446924e-08	8.407600e-25
0.135004      	9.926976e-03	4.488502e-04	1.455679e-04	4.334027e-04	2.446924e-08	8.407600e-25
0.135067      	5.651636e-03	4.480719e-04	1.453446e-04	4.332552e-04	2.446924e-08	8.407600e-25
0.13513       	5.614465e-03	4.477209e-04	1.453227e-04	4.333449e-04	2.446924e-08	8.407600e-25
0.135193      	5.598097e-03	4.474782e-04	1.454365e-04	4.334407e-04	2.446924e-08	8.407600e-25
0.135255      	5.628965e-03	4.472731e-04	1.454104e-04	4.334806e-04	2.446924e-08	8.407600e-25
0.135318      	5.715758e-03	4.470538e-04	1.454854e-04	4.336502e-04	2.446924e-08	8.407600e-25
0.135381      	5.662116e-03	4.468811e-04	1.454625e-04	4.337826e-04	2.446924e-08	8.407600e-25
0.135444      	5.681827e-03	4.466440e-04	1.455826e-04	4.338746e-04	2.446924e-08	8.407600e-25
0.135507      	5.936057e-03	4.463805e-04	1.456468e-04	4.337221e-04	2.446924e-08	8.407600e-25
0.13557       	5.943176e-03	4.461076e-04	1.456516e-04	4.336911e-04	2.446924e-08	8.407600e-25
0.135633      	6.007642e-03	4.459444e-04	1.457117e-04	4.337153e-04	2.446924e-08	8.407600e-25
0.135696      	6.475899e-03	4.457201e-04	1.457504e-04	4.336530e-04	2.446924e-08	8.407600e-25
0.135759      	6.295453e-03	4.457313e-04	1.457974e-04	4.336899e-04	2.446924e-08	8.407600e-25
0.135822      	6.360384e-03	4.458039e-04	1.459549e-04	4.338167e-04	2.446924e-08	8.407600e-25
0.135885      	6.504681e-03	4.460302e-04	1.460824e-04	4.341941e-04	2.446924e-08	8.407600e-25
0.135948      	6.591013e-03	4.463450e-04	1.462879e-04	4.345804e-04	2.446924e-08	8.407600e-25
0.136011      	6.812537e-03	4.466455e-04	1.463839e-04	4.348535e-04	2.446924e-08	8.407600e-25
