# Wall shear stress
# Time        	patch         	min           	max           
0.000000e+00	propellerTip	(0.000000e+00 0.000000e+00 0.000000e+00)	(0.000000e+00 0.000000e+00 0.000000e+00)
6.867897e-05	propellerTip	(-2.754910e+01 -2.679661e+01 -1.220377e+01)	(2.802251e+01 7.765621e+01 5.706965e+01)
1.740001e-04	propellerTip	(-3.714135e+00 -4.546776e+00 -4.376025e+00)	(3.686865e+00 1.771568e+01 5.943033e+00)
2.921534e-04	propellerTip	(-3.710345e+00 -4.687178e+00 -3.302224e+00)	(3.705285e+00 8.016713e+00 3.195805e+00)
4.184629e-04	propellerTip	(-3.170951e+00 -4.978450e+00 -4.004028e+00)	(3.191751e+00 4.640927e+00 4.042108e+00)
5.493893e-04	propellerTip	(-2.767518e+00 -5.303418e+00 -4.595596e+00)	(2.630722e+00 2.851701e+00 4.645335e+00)
6.810150e-04	propellerTip	(-2.790623e+00 -5.605606e+00 -5.052133e+00)	(2.760772e+00 2.566283e+00 5.084305e+00)
8.131820e-04	propellerTip	(-3.487468e+00 -5.838384e+00 -5.496831e+00)	(3.478030e+00 2.596203e+00 5.528393e+00)
9.465668e-04	propellerTip	(-4.016865e+00 -6.007530e+00 -5.965398e+00)	(4.015263e+00 2.654143e+00 6.000979e+00)
1.081369e-03	propellerTip	(-4.096129e+00 -6.134000e+00 -6.188499e+00)	(4.122248e+00 2.723133e+00 6.215838e+00)
1.216871e-03	propellerTip	(-4.048632e+00 -6.234307e+00 -6.293757e+00)	(4.060616e+00 2.803518e+00 6.311189e+00)
1.352223e-03	propellerTip	(-3.994140e+00 -6.316610e+00 -6.289209e+00)	(4.011502e+00 2.891766e+00 6.302233e+00)
1.486899e-03	propellerTip	(-3.986467e+00 -6.387158e+00 -6.300087e+00)	(3.981816e+00 2.986646e+00 6.313137e+00)
1.620793e-03	propellerTip	(-4.185396e+00 -6.450355e+00 -6.323931e+00)	(4.147372e+00 3.088629e+00 6.334425e+00)
1.754167e-03	propellerTip	(-4.378601e+00 -6.512023e+00 -6.334506e+00)	(4.340355e+00 3.194650e+00 6.340418e+00)
1.887238e-03	propellerTip	(-4.563844e+00 -6.574304e+00 -6.320465e+00)	(4.524682e+00 3.300986e+00 6.320549e+00)
2.020149e-03	propellerTip	(-4.740995e+00 -6.650304e+00 -6.278668e+00)	(4.700846e+00 3.406954e+00 6.273038e+00)
2.152992e-03	propellerTip	(-4.908511e+00 -6.729209e+00 -6.195081e+00)	(4.867585e+00 3.511510e+00 6.184224e+00)
2.285767e-03	propellerTip	(-5.063846e+00 -6.809832e+00 -6.077657e+00)	(5.022259e+00 3.619089e+00 6.062456e+00)
2.418474e-03	propellerTip	(-5.204139e+00 -6.890400e+00 -5.937664e+00)	(5.163230e+00 3.731565e+00 5.919283e+00)
2.551139e-03	propellerTip	(-5.329586e+00 -6.966427e+00 -5.781580e+00)	(5.288199e+00 3.851289e+00 5.761010e+00)
2.683750e-03	propellerTip	(-5.441972e+00 -7.029059e+00 -5.613375e+00)	(5.400483e+00 3.974291e+00 5.591093e+00)
2.816318e-03	propellerTip	(-5.539238e+00 -7.086778e+00 -5.434066e+00)	(5.497429e+00 4.089286e+00 5.410299e+00)
2.948902e-03	propellerTip	(-5.619341e+00 -7.145489e+00 -5.243188e+00)	(5.577659e+00 4.204783e+00 5.222196e+00)
3.081472e-03	propellerTip	(-5.679901e+00 -7.212281e+00 -5.065671e+00)	(5.638435e+00 4.322269e+00 5.056064e+00)
3.213926e-03	propellerTip	(-5.721164e+00 -7.284617e+00 -4.890180e+00)	(5.679769e+00 4.443199e+00 4.881130e+00)
3.346171e-03	propellerTip	(-5.747849e+00 -7.344537e+00 -4.707271e+00)	(5.705854e+00 4.570094e+00 4.698737e+00)
3.478175e-03	propellerTip	(-5.758269e+00 -7.392043e+00 -4.517382e+00)	(5.716144e+00 4.703861e+00 4.509660e+00)
3.609937e-03	propellerTip	(-5.749880e+00 -7.433595e+00 -4.770020e+00)	(5.708025e+00 4.834492e+00 4.791015e+00)
3.741524e-03	propellerTip	(-5.720724e+00 -7.470499e+00 -5.065356e+00)	(5.678776e+00 4.966598e+00 5.092550e+00)
3.872968e-03	propellerTip	(-5.670704e+00 -7.500184e+00 -5.381906e+00)	(5.628515e+00 5.093595e+00 5.410872e+00)
4.004348e-03	propellerTip	(-5.766904e+00 -7.524718e+00 -5.704427e+00)	(5.664290e+00 5.219153e+00 5.735043e+00)
4.135749e-03	propellerTip	(-5.880321e+00 -7.547078e+00 -6.030753e+00)	(5.769845e+00 5.343885e+00 6.062256e+00)
4.267202e-03	propellerTip	(-5.982990e+00 -7.573433e+00 -6.358042e+00)	(5.863531e+00 5.466055e+00 6.391084e+00)
4.398728e-03	propellerTip	(-6.077344e+00 -7.595848e+00 -6.687504e+00)	(5.947551e+00 5.587560e+00 6.721718e+00)
4.530358e-03	propellerTip	(-6.162401e+00 -7.620673e+00 -7.016722e+00)	(6.023050e+00 5.707087e+00 7.051954e+00)
4.662137e-03	propellerTip	(-6.233032e+00 -7.646980e+00 -7.343223e+00)	(6.082428e+00 5.821207e+00 7.379889e+00)
4.794104e-03	propellerTip	(-6.289244e+00 -7.674406e+00 -7.665499e+00)	(6.130972e+00 5.932368e+00 7.703579e+00)
4.926291e-03	propellerTip	(-6.334956e+00 -7.699553e+00 -7.981834e+00)	(6.170040e+00 6.041222e+00 8.021267e+00)
5.058731e-03	propellerTip	(-6.367016e+00 -7.719665e+00 -8.290078e+00)	(6.201961e+00 6.148449e+00 8.331367e+00)
5.191433e-03	propellerTip	(-6.384731e+00 -7.738759e+00 -8.588811e+00)	(6.236125e+00 6.251442e+00 8.632270e+00)
5.324357e-03	propellerTip	(-6.393588e+00 -7.754696e+00 -8.875770e+00)	(6.270226e+00 6.355025e+00 8.921389e+00)
5.457463e-03	propellerTip	(-6.402236e+00 -7.764990e+00 -9.148805e+00)	(6.298191e+00 6.458701e+00 9.196191e+00)
5.590683e-03	propellerTip	(-6.384904e+00 -7.771359e+00 -9.406433e+00)	(6.286911e+00 6.560391e+00 9.455320e+00)
5.723945e-03	propellerTip	(-6.418777e+00 -7.774580e+00 -9.646637e+00)	(6.309800e+00 6.661026e+00 9.696027e+00)
5.857217e-03	propellerTip	(-6.418992e+00 -7.776361e+00 -9.866900e+00)	(6.303319e+00 6.757927e+00 9.916234e+00)
5.990472e-03	propellerTip	(-6.396745e+00 -7.771917e+00 -1.006409e+01)	(6.272426e+00 6.846296e+00 1.011252e+01)
6.123605e-03	propellerTip	(-6.404375e+00 -7.763113e+00 -1.023507e+01)	(6.260725e+00 6.924943e+00 1.028282e+01)
6.256565e-03	propellerTip	(-6.400759e+00 -7.755556e+00 -1.038385e+01)	(6.280728e+00 6.997817e+00 1.042978e+01)
6.389304e-03	propellerTip	(-6.331715e+00 -7.750937e+00 -1.050040e+01)	(6.255775e+00 7.061900e+00 1.054447e+01)
6.521777e-03	propellerTip	(-6.251864e+00 -7.745449e+00 -1.058598e+01)	(6.179038e+00 7.112609e+00 1.062739e+01)
6.653963e-03	propellerTip	(-6.187306e+00 -7.739658e+00 -1.064187e+01)	(6.099020e+00 7.149613e+00 1.068018e+01)
6.785817e-03	propellerTip	(-6.191859e+00 -7.733694e+00 -1.066832e+01)	(6.027381e+00 7.189497e+00 1.070304e+01)
6.917355e-03	propellerTip	(-6.151025e+00 -7.732625e+00 -1.066655e+01)	(5.946635e+00 7.231526e+00 1.069754e+01)
7.048578e-03	propellerTip	(-6.019337e+00 -7.728523e+00 -1.063632e+01)	(5.838432e+00 7.271080e+00 1.066410e+01)
7.179678e-03	propellerTip	(-5.839003e+00 -7.723223e+00 -1.057849e+01)	(5.688861e+00 7.308963e+00 1.060343e+01)
7.310681e-03	propellerTip	(-5.674779e+00 -7.725728e+00 -1.049344e+01)	(5.517758e+00 7.344299e+00 1.051561e+01)
7.441578e-03	propellerTip	(-5.480487e+00 -7.740874e+00 -1.037992e+01)	(5.342689e+00 7.376185e+00 1.039909e+01)
7.572379e-03	propellerTip	(-5.282525e+00 -7.763102e+00 -1.023730e+01)	(5.179004e+00 7.401167e+00 1.025375e+01)
7.703035e-03	propellerTip	(-5.099647e+00 -7.791642e+00 -1.006678e+01)	(5.028103e+00 7.414656e+00 1.008085e+01)
7.833529e-03	propellerTip	(-5.505367e+00 -7.830993e+00 -9.866702e+00)	(5.516978e+00 7.425373e+00 9.878607e+00)
7.963851e-03	propellerTip	(-6.010482e+00 -7.884296e+00 -9.635728e+00)	(6.023325e+00 7.439120e+00 9.645361e+00)
8.093976e-03	propellerTip	(-6.487532e+00 -7.931090e+00 -9.376571e+00)	(6.501347e+00 7.455469e+00 9.384155e+00)
8.223914e-03	propellerTip	(-6.947096e+00 -7.978177e+00 -9.091328e+00)	(6.961528e+00 7.472166e+00 9.096973e+00)
8.353718e-03	propellerTip	(-7.388772e+00 -8.025882e+00 -8.781208e+00)	(7.403874e+00 7.489835e+00 8.785160e+00)
8.483365e-03	propellerTip	(-7.803675e+00 -8.060020e+00 -8.445279e+00)	(7.820804e+00 7.511546e+00 8.447361e+00)
8.613142e-03	propellerTip	(-8.235081e+00 -8.087149e+00 -8.086488e+00)	(8.250673e+00 7.526429e+00 8.086291e+00)
8.743376e-03	propellerTip	(-8.660830e+00 -8.107039e+00 -7.706790e+00)	(8.677314e+00 7.535094e+00 7.704065e+00)
8.874432e-03	propellerTip	(-9.073371e+00 -8.120340e+00 -7.302503e+00)	(9.090969e+00 7.542064e+00 7.297713e+00)
9.006705e-03	propellerTip	(-9.471118e+00 -8.122553e+00 -6.950712e+00)	(9.490209e+00 7.552524e+00 6.952369e+00)
9.140613e-03	propellerTip	(-9.854170e+00 -8.116878e+00 -7.142009e+00)	(9.874717e+00 7.563633e+00 7.157821e+00)
9.276367e-03	propellerTip	(-1.022041e+01 -8.106563e+00 -6.871281e+00)	(1.024263e+01 7.577376e+00 6.942609e+00)
9.414129e-03	propellerTip	(-1.056781e+01 -8.094831e+00 -5.496603e+00)	(1.059194e+01 7.594028e+00 5.486486e+00)
9.554272e-03	propellerTip	(-1.089440e+01 -8.067890e+00 -5.006807e+00)	(1.092055e+01 7.612357e+00 4.996065e+00)
9.696759e-03	propellerTip	(-1.119752e+01 -8.038067e+00 -4.507266e+00)	(1.122591e+01 7.635003e+00 4.496131e+00)
9.841250e-03	propellerTip	(-1.147358e+01 -8.005943e+00 -4.001229e+00)	(1.150427e+01 7.659978e+00 3.988351e+00)
9.987388e-03	propellerTip	(-1.171783e+01 -7.968525e+00 -3.563764e+00)	(1.175014e+01 7.684746e+00 3.479476e+00)
1.013475e-02	propellerTip	(-1.192642e+01 -7.921526e+00 -3.336156e+00)	(1.195927e+01 7.710649e+00 3.239622e+00)
1.028282e-02	propellerTip	(-1.209457e+01 -7.862214e+00 -3.066047e+00)	(1.212701e+01 7.739192e+00 3.091047e+00)
1.043106e-02	propellerTip	(-1.221642e+01 -7.795082e+00 -2.902158e+00)	(1.224951e+01 7.764210e+00 2.991043e+00)
1.057903e-02	propellerTip	(-1.228912e+01 -7.720714e+00 -2.857953e+00)	(1.232291e+01 7.778858e+00 2.919554e+00)
1.072600e-02	propellerTip	(-1.231305e+01 -7.638708e+00 -2.792905e+00)	(1.234659e+01 7.776688e+00 2.827247e+00)
1.087219e-02	propellerTip	(-1.228835e+01 -7.551624e+00 -2.781040e+00)	(1.232110e+01 7.753643e+00 2.779057e+00)
1.101767e-02	propellerTip	(-1.221403e+01 -7.460476e+00 -2.780858e+00)	(1.224543e+01 7.707913e+00 2.779439e+00)
1.116254e-02	propellerTip	(-1.209151e+01 -7.361346e+00 -2.767052e+00)	(1.212060e+01 7.637840e+00 2.766302e+00)
1.130693e-02	propellerTip	(-1.192679e+01 -7.260511e+00 -2.739344e+00)	(1.195232e+01 7.540925e+00 2.739586e+00)
1.145096e-02	propellerTip	(-1.172407e+01 -7.151526e+00 -2.701394e+00)	(1.174632e+01 7.428204e+00 2.702821e+00)
1.159477e-02	propellerTip	(-1.148317e+01 -7.034039e+00 -2.694371e+00)	(1.150264e+01 7.302434e+00 2.657589e+00)
1.173841e-02	propellerTip	(-1.121043e+01 -6.909738e+00 -2.684704e+00)	(1.122668e+01 7.168356e+00 2.628972e+00)
1.188189e-02	propellerTip	(-1.091268e+01 -6.779202e+00 -2.669616e+00)	(1.092605e+01 7.029008e+00 2.646209e+00)
1.202525e-02	propellerTip	(-1.059500e+01 -6.645304e+00 -2.656409e+00)	(1.060577e+01 6.879796e+00 2.654303e+00)
1.216851e-02	propellerTip	(-1.026214e+01 -6.517397e+00 -2.661406e+00)	(1.027141e+01 6.727206e+00 2.668855e+00)
1.231165e-02	propellerTip	(-9.919278e+00 -6.405249e+00 -2.754565e+00)	(9.927462e+00 6.579819e+00 2.739939e+00)
1.245467e-02	propellerTip	(-9.571892e+00 -6.293854e+00 -3.040954e+00)	(9.579061e+00 6.438873e+00 3.024865e+00)
1.259755e-02	propellerTip	(-9.221733e+00 -6.186623e+00 -3.317572e+00)	(9.228341e+00 6.304680e+00 3.299515e+00)
1.274029e-02	propellerTip	(-8.870879e+00 -6.083176e+00 -3.580706e+00)	(8.876968e+00 6.174064e+00 3.555959e+00)
1.288289e-02	propellerTip	(-8.519812e+00 -5.982315e+00 -3.814195e+00)	(8.525247e+00 6.043739e+00 3.789891e+00)
1.302536e-02	propellerTip	(-8.166900e+00 -5.885223e+00 -4.034606e+00)	(8.171246e+00 5.916531e+00 4.011351e+00)
1.316770e-02	propellerTip	(-7.814087e+00 -5.790763e+00 -4.246098e+00)	(7.817542e+00 5.792794e+00 4.223172e+00)
1.330993e-02	propellerTip	(-7.462661e+00 -5.695608e+00 -4.463217e+00)	(7.466097e+00 5.672113e+00 4.438435e+00)
1.345203e-02	propellerTip	(-7.113527e+00 -5.605672e+00 -4.673484e+00)	(7.117321e+00 5.557156e+00 4.643417e+00)
1.359401e-02	propellerTip	(-6.765362e+00 -5.521175e+00 -4.834777e+00)	(6.769515e+00 5.453049e+00 4.800458e+00)
1.373590e-02	propellerTip	(-6.419448e+00 -5.443580e+00 -4.980328e+00)	(6.424227e+00 5.355435e+00 4.951425e+00)
1.387770e-02	propellerTip	(-6.077875e+00 -5.375436e+00 -5.154639e+00)	(6.083691e+00 5.249483e+00 5.125019e+00)
1.401943e-02	propellerTip	(-5.739784e+00 -5.315193e+00 -5.320601e+00)	(5.746684e+00 5.145059e+00 5.290735e+00)
1.416111e-02	propellerTip	(-5.404780e+00 -5.262525e+00 -5.479459e+00)	(5.412776e+00 5.046893e+00 5.449881e+00)
1.430276e-02	propellerTip	(-5.073093e+00 -5.215901e+00 -5.632277e+00)	(5.081855e+00 4.957196e+00 5.603185e+00)
1.444441e-02	propellerTip	(-4.744942e+00 -5.177724e+00 -5.779251e+00)	(4.754231e+00 4.878194e+00 5.751310e+00)
1.458611e-02	propellerTip	(-4.420613e+00 -5.144049e+00 -5.921392e+00)	(4.430021e+00 4.810043e+00 5.894996e+00)
1.472788e-02	propellerTip	(-4.100203e+00 -5.108435e+00 -6.058166e+00)	(4.109117e+00 4.752805e+00 6.034541e+00)
1.486971e-02	propellerTip	(-3.782879e+00 -5.072564e+00 -6.188644e+00)	(3.791140e+00 4.707375e+00 6.166618e+00)
1.501151e-02	propellerTip	(-3.468453e+00 -5.048726e+00 -6.312240e+00)	(3.476063e+00 4.672932e+00 6.290727e+00)
1.515337e-02	propellerTip	(-3.156755e+00 -5.024560e+00 -6.429234e+00)	(3.163630e+00 4.649401e+00 6.407094e+00)
1.529532e-02	propellerTip	(-2.846363e+00 -5.003606e+00 -6.539243e+00)	(2.852708e+00 4.634437e+00 6.515666e+00)
1.543736e-02	propellerTip	(-2.673784e+00 -4.986855e+00 -6.642455e+00)	(2.708013e+00 4.627625e+00 6.619006e+00)
1.557951e-02	propellerTip	(-2.664579e+00 -4.971529e+00 -6.738097e+00)	(2.686923e+00 4.628015e+00 6.715195e+00)
1.572175e-02	propellerTip	(-2.657538e+00 -4.956440e+00 -6.825876e+00)	(2.676685e+00 4.634082e+00 6.803733e+00)
1.586409e-02	propellerTip	(-2.636562e+00 -4.941612e+00 -6.905263e+00)	(2.654158e+00 4.644619e+00 6.883696e+00)
1.600654e-02	propellerTip	(-2.628699e+00 -4.929660e+00 -6.974397e+00)	(2.646368e+00 4.658025e+00 6.953306e+00)
1.614909e-02	propellerTip	(-2.626027e+00 -4.920134e+00 -7.033670e+00)	(2.645215e+00 4.673277e+00 7.013091e+00)
1.629174e-02	propellerTip	(-2.636639e+00 -4.912277e+00 -7.083922e+00)	(2.661599e+00 4.691207e+00 7.063959e+00)
1.643449e-02	propellerTip	(-2.639906e+00 -4.905321e+00 -7.121087e+00)	(2.670687e+00 4.706003e+00 7.101550e+00)
1.657727e-02	propellerTip	(-2.644450e+00 -4.898530e+00 -7.142497e+00)	(2.680616e+00 4.714658e+00 7.123345e+00)
1.672005e-02	propellerTip	(-2.656482e+00 -4.892310e+00 -7.151538e+00)	(2.698965e+00 4.725064e+00 7.132632e+00)
1.686278e-02	propellerTip	(-2.684954e+00 -4.886869e+00 -7.150801e+00)	(2.732863e+00 4.744078e+00 7.132063e+00)
1.700545e-02	propellerTip	(-2.709802e+00 -4.881548e+00 -7.139863e+00)	(2.763713e+00 4.768389e+00 7.120891e+00)
1.714805e-02	propellerTip	(-2.747227e+00 -4.876000e+00 -7.117579e+00)	(2.806624e+00 4.790911e+00 7.098631e+00)
1.729059e-02	propellerTip	(-2.791254e+00 -4.869288e+00 -7.082931e+00)	(2.832152e+00 4.810965e+00 7.064454e+00)
1.743305e-02	propellerTip	(-2.802824e+00 -4.861968e+00 -7.036506e+00)	(2.847357e+00 4.827636e+00 7.018539e+00)
1.757544e-02	propellerTip	(-2.798392e+00 -4.854779e+00 -6.977684e+00)	(2.848721e+00 4.836691e+00 6.960215e+00)
1.771778e-02	propellerTip	(-2.784923e+00 -4.848284e+00 -6.904513e+00)	(2.835966e+00 4.846791e+00 6.887737e+00)
1.786011e-02	propellerTip	(-2.869157e+00 -4.842601e+00 -6.817161e+00)	(2.869113e+00 4.856838e+00 6.801431e+00)
1.800248e-02	propellerTip	(-3.152621e+00 -4.837541e+00 -6.714820e+00)	(3.154480e+00 4.868417e+00 6.700038e+00)
1.814492e-02	propellerTip	(-3.435251e+00 -4.833603e+00 -6.599664e+00)	(3.435360e+00 4.883094e+00 6.585656e+00)
1.828743e-02	propellerTip	(-3.730843e+00 -4.833133e+00 -6.471756e+00)	(3.722826e+00 4.897127e+00 6.458422e+00)
1.843001e-02	propellerTip	(-4.023539e+00 -4.833021e+00 -6.331096e+00)	(4.015026e+00 4.909467e+00 6.318515e+00)
1.857267e-02	propellerTip	(-4.310390e+00 -4.830223e+00 -6.177369e+00)	(4.301716e+00 4.920932e+00 6.165635e+00)
1.871541e-02	propellerTip	(-4.590446e+00 -4.825692e+00 -6.010557e+00)	(4.581649e+00 4.931913e+00 5.999730e+00)
1.885825e-02	propellerTip	(-4.860929e+00 -4.823309e+00 -5.830473e+00)	(4.853676e+00 4.941443e+00 5.820526e+00)
1.900121e-02	propellerTip	(-5.121664e+00 -4.823188e+00 -5.636806e+00)	(5.114749e+00 4.948917e+00 5.627649e+00)
1.914431e-02	propellerTip	(-5.373491e+00 -4.827618e+00 -5.429743e+00)	(5.366858e+00 4.955579e+00 5.421233e+00)
1.928756e-02	propellerTip	(-5.616143e+00 -4.827174e+00 -5.209664e+00)	(5.609702e+00 4.962947e+00 5.202187e+00)
1.943098e-02	propellerTip	(-5.848912e+00 -4.825348e+00 -4.977802e+00)	(5.843263e+00 4.971742e+00 4.971305e+00)
1.957463e-02	propellerTip	(-6.070204e+00 -4.829978e+00 -4.734402e+00)	(6.065262e+00 4.979720e+00 4.729071e+00)
1.971853e-02	propellerTip	(-6.281336e+00 -4.836701e+00 -4.480438e+00)	(6.276458e+00 4.989085e+00 4.476130e+00)
1.986261e-02	propellerTip	(-6.480705e+00 -4.841461e+00 -4.216374e+00)	(6.475704e+00 4.999000e+00 4.212923e+00)
2.000684e-02	propellerTip	(-6.667482e+00 -4.844674e+00 -3.942447e+00)	(6.662321e+00 5.008869e+00 3.939938e+00)
2.015123e-02	propellerTip	(-6.840879e+00 -4.848464e+00 -3.660245e+00)	(6.835704e+00 5.020651e+00 3.656430e+00)
2.029578e-02	propellerTip	(-6.999832e+00 -4.852019e+00 -3.361783e+00)	(6.994749e+00 5.033820e+00 3.355730e+00)
2.044044e-02	propellerTip	(-7.144342e+00 -4.855423e+00 -3.049939e+00)	(7.139517e+00 5.047066e+00 3.042695e+00)
2.058509e-02	propellerTip	(-7.274460e+00 -4.858421e+00 -2.728852e+00)	(7.270006e+00 5.060603e+00 2.721083e+00)
2.072968e-02	propellerTip	(-7.390750e+00 -4.861103e+00 -2.620365e+00)	(7.385843e+00 5.074326e+00 2.696292e+00)
2.087416e-02	propellerTip	(-7.498366e+00 -4.864074e+00 -2.612662e+00)	(7.490114e+00 5.088926e+00 2.688544e+00)
2.101851e-02	propellerTip	(-7.590759e+00 -4.868326e+00 -2.596103e+00)	(7.582765e+00 5.103118e+00 2.675087e+00)
2.116268e-02	propellerTip	(-7.666677e+00 -4.871707e+00 -2.594722e+00)	(7.658504e+00 5.116478e+00 2.664849e+00)
2.130665e-02	propellerTip	(-7.726567e+00 -4.874805e+00 -2.592897e+00)	(7.718527e+00 5.124254e+00 2.649150e+00)
2.145042e-02	propellerTip	(-7.769391e+00 -4.877920e+00 -2.583642e+00)	(7.761950e+00 5.126512e+00 2.624752e+00)
2.159401e-02	propellerTip	(-7.793133e+00 -4.881064e+00 -2.566660e+00)	(7.786109e+00 5.122911e+00 2.593369e+00)
2.173742e-02	propellerTip	(-7.797979e+00 -4.883540e+00 -2.541122e+00)	(7.791743e+00 5.116269e+00 2.561468e+00)
2.188069e-02	propellerTip	(-7.787033e+00 -4.885156e+00 -2.505399e+00)	(7.781589e+00 5.115673e+00 2.520007e+00)
2.202384e-02	propellerTip	(-7.762039e+00 -4.886172e+00 -2.459689e+00)	(7.757454e+00 5.113648e+00 2.488618e+00)
2.216692e-02	propellerTip	(-7.723069e+00 -4.886322e+00 -2.415263e+00)	(7.719609e+00 5.108115e+00 2.467082e+00)
2.230992e-02	propellerTip	(-7.668627e+00 -4.885837e+00 -2.374734e+00)	(7.666482e+00 5.100671e+00 2.424826e+00)
2.245287e-02	propellerTip	(-7.598997e+00 -4.884857e+00 -2.326625e+00)	(7.598214e+00 5.092681e+00 2.377707e+00)
2.259578e-02	propellerTip	(-7.513724e+00 -4.883199e+00 -2.271271e+00)	(7.514614e+00 5.081726e+00 2.325024e+00)
2.273865e-02	propellerTip	(-7.413396e+00 -4.881888e+00 -2.244870e+00)	(7.415831e+00 5.070612e+00 2.263357e+00)
2.288149e-02	propellerTip	(-7.298295e+00 -4.880094e+00 -2.583826e+00)	(7.302166e+00 5.058949e+00 2.583176e+00)
2.302432e-02	propellerTip	(-7.167906e+00 -4.878343e+00 -2.912825e+00)	(7.173191e+00 5.042615e+00 2.912010e+00)
2.316713e-02	propellerTip	(-7.023075e+00 -4.877976e+00 -3.211238e+00)	(7.029178e+00 5.027729e+00 3.206300e+00)
2.330994e-02	propellerTip	(-6.865501e+00 -4.878658e+00 -3.484303e+00)	(6.872280e+00 5.019187e+00 3.479717e+00)
2.345273e-02	propellerTip	(-6.695213e+00 -4.874991e+00 -3.751477e+00)	(6.702511e+00 5.011862e+00 3.746741e+00)
2.359548e-02	propellerTip	(-6.512269e+00 -4.868123e+00 -4.011020e+00)	(6.520046e+00 5.004417e+00 4.005614e+00)
2.373817e-02	propellerTip	(-6.317111e+00 -4.860147e+00 -4.266276e+00)	(6.325001e+00 4.996545e+00 4.264776e+00)
2.388081e-02	propellerTip	(-6.109902e+00 -4.852917e+00 -4.526732e+00)	(6.117858e+00 4.985349e+00 4.524255e+00)
2.402343e-02	propellerTip	(-5.890137e+00 -4.846377e+00 -4.777396e+00)	(5.898245e+00 4.972244e+00 4.773598e+00)
2.416606e-02	propellerTip	(-5.658093e+00 -4.840330e+00 -5.017895e+00)	(5.666507e+00 4.956868e+00 5.012085e+00)
2.430868e-02	propellerTip	(-5.414554e+00 -4.827657e+00 -5.246071e+00)	(5.423670e+00 4.939873e+00 5.237478e+00)
2.445133e-02	propellerTip	(-5.160644e+00 -4.814819e+00 -5.461217e+00)	(5.170641e+00 4.924564e+00 5.451302e+00)
2.459399e-02	propellerTip	(-4.897593e+00 -4.805869e+00 -5.663809e+00)	(4.909175e+00 4.909339e+00 5.652947e+00)
2.473663e-02	propellerTip	(-4.626813e+00 -4.798108e+00 -5.853556e+00)	(4.637120e+00 4.894304e+00 5.842140e+00)
2.487925e-02	propellerTip	(-4.343583e+00 -4.787711e+00 -6.029402e+00)	(4.352171e+00 4.880492e+00 6.017163e+00)
2.502187e-02	propellerTip	(-4.049925e+00 -4.774949e+00 -6.188794e+00)	(4.057058e+00 4.866310e+00 6.175501e+00)
2.516447e-02	propellerTip	(-3.748597e+00 -4.761565e+00 -6.333685e+00)	(3.754324e+00 4.852982e+00 6.319820e+00)
2.530709e-02	propellerTip	(-3.440077e+00 -4.746829e+00 -6.464041e+00)	(3.445411e+00 4.839914e+00 6.449799e+00)
2.544970e-02	propellerTip	(-3.130563e+00 -4.730625e+00 -6.579796e+00)	(3.137349e+00 4.826541e+00 6.565215e+00)
2.559228e-02	propellerTip	(-2.820814e+00 -4.711961e+00 -6.680789e+00)	(2.885810e+00 4.813125e+00 6.666010e+00)
2.573481e-02	propellerTip	(-2.732488e+00 -4.692110e+00 -6.766377e+00)	(2.865756e+00 4.800061e+00 6.751710e+00)
2.587727e-02	propellerTip	(-2.692248e+00 -4.672782e+00 -6.836570e+00)	(2.837880e+00 4.787371e+00 6.822118e+00)
2.601965e-02	propellerTip	(-2.654867e+00 -4.651568e+00 -6.892469e+00)	(2.803931e+00 4.774947e+00 6.878060e+00)
2.616193e-02	propellerTip	(-2.656905e+00 -4.629631e+00 -6.937345e+00)	(2.766655e+00 4.763508e+00 6.926273e+00)
2.630413e-02	propellerTip	(-2.631955e+00 -4.607395e+00 -6.972043e+00)	(2.722572e+00 4.753262e+00 6.960612e+00)
2.644627e-02	propellerTip	(-2.602591e+00 -4.584837e+00 -6.992451e+00)	(2.672436e+00 4.741129e+00 6.980439e+00)
2.658837e-02	propellerTip	(-2.567188e+00 -4.561803e+00 -6.998175e+00)	(2.616723e+00 4.725396e+00 6.985574e+00)
2.673041e-02	propellerTip	(-2.525244e+00 -4.538884e+00 -6.988113e+00)	(2.556094e+00 4.707892e+00 6.975032e+00)
2.687240e-02	propellerTip	(-2.479070e+00 -4.517387e+00 -6.963714e+00)	(2.491556e+00 4.692461e+00 6.950118e+00)
2.701436e-02	propellerTip	(-2.428800e+00 -4.494522e+00 -6.925084e+00)	(2.424150e+00 4.679608e+00 6.910975e+00)
2.715629e-02	propellerTip	(-2.374094e+00 -4.470185e+00 -6.872549e+00)	(2.352527e+00 4.660402e+00 6.858021e+00)
2.729819e-02	propellerTip	(-2.314698e+00 -4.444939e+00 -6.807306e+00)	(2.276452e+00 4.636460e+00 6.792638e+00)
2.744007e-02	propellerTip	(-2.251874e+00 -4.419452e+00 -6.729840e+00)	(2.197017e+00 4.612842e+00 6.714949e+00)
2.758194e-02	propellerTip	(-2.185392e+00 -4.393493e+00 -6.641746e+00)	(2.114188e+00 4.587089e+00 6.626597e+00)
2.772382e-02	propellerTip	(-2.115742e+00 -4.366833e+00 -6.540996e+00)	(2.028075e+00 4.561512e+00 6.525818e+00)
2.786571e-02	propellerTip	(-2.183611e+00 -4.340119e+00 -6.428611e+00)	(2.180120e+00 4.536338e+00 6.413586e+00)
2.800765e-02	propellerTip	(-2.486644e+00 -4.313163e+00 -6.305298e+00)	(2.482835e+00 4.511174e+00 6.290347e+00)
2.814963e-02	propellerTip	(-2.781362e+00 -4.286226e+00 -6.170538e+00)	(2.777039e+00 4.484762e+00 6.155668e+00)
2.829164e-02	propellerTip	(-3.066159e+00 -4.259394e+00 -6.024789e+00)	(3.061151e+00 4.456047e+00 6.009947e+00)
2.843366e-02	propellerTip	(-3.317471e+00 -4.233829e+00 -5.868609e+00)	(3.305225e+00 4.430440e+00 5.853718e+00)
2.857568e-02	propellerTip	(-3.545929e+00 -4.210379e+00 -5.702583e+00)	(3.535337e+00 4.411409e+00 5.688158e+00)
2.871770e-02	propellerTip	(-3.771467e+00 -4.184150e+00 -5.527611e+00)	(3.761444e+00 4.396201e+00 5.513924e+00)
2.885970e-02	propellerTip	(-3.990634e+00 -4.156422e+00 -5.343862e+00)	(3.981020e+00 4.384029e+00 5.331162e+00)
2.900167e-02	propellerTip	(-4.201450e+00 -4.129439e+00 -5.151412e+00)	(4.190892e+00 4.374415e+00 5.140008e+00)
2.914361e-02	propellerTip	(-4.409198e+00 -4.104221e+00 -4.950856e+00)	(4.402610e+00 4.364590e+00 4.940867e+00)
2.928552e-02	propellerTip	(-4.618981e+00 -4.083009e+00 -4.742861e+00)	(4.612140e+00 4.355432e+00 4.734221e+00)
2.942741e-02	propellerTip	(-4.819279e+00 -4.062741e+00 -4.526971e+00)	(4.812075e+00 4.347801e+00 4.519482e+00)
2.956926e-02	propellerTip	(-5.009857e+00 -4.045123e+00 -4.303744e+00)	(5.002226e+00 4.344209e+00 4.297450e+00)
2.971104e-02	propellerTip	(-5.190890e+00 -4.023264e+00 -4.073718e+00)	(5.183047e+00 4.344309e+00 4.068500e+00)
2.985275e-02	propellerTip	(-5.361503e+00 -4.004370e+00 -3.837350e+00)	(5.353203e+00 4.346172e+00 3.833139e+00)
2.999437e-02	propellerTip	(-5.521150e+00 -3.984604e+00 -3.595217e+00)	(5.512471e+00 4.349268e+00 3.591742e+00)
3.013591e-02	propellerTip	(-5.669394e+00 -3.966419e+00 -3.348493e+00)	(5.660201e+00 4.353940e+00 3.346402e+00)
3.027735e-02	propellerTip	(-5.806288e+00 -3.949984e+00 -3.093286e+00)	(5.797427e+00 4.360731e+00 3.092488e+00)
3.041870e-02	propellerTip	(-5.931964e+00 -3.934281e+00 -2.976640e+00)	(5.923600e+00 4.368066e+00 2.885387e+00)
3.055995e-02	propellerTip	(-6.046319e+00 -3.919373e+00 -2.987346e+00)	(6.038446e+00 4.375597e+00 2.883164e+00)
3.070111e-02	propellerTip	(-6.149498e+00 -3.904860e+00 -2.993168e+00)	(6.142027e+00 4.382468e+00 2.876498e+00)
3.084223e-02	propellerTip	(-6.241609e+00 -3.891065e+00 -2.991973e+00)	(6.234428e+00 4.389218e+00 2.860260e+00)
3.098333e-02	propellerTip	(-6.322506e+00 -3.876348e+00 -2.983902e+00)	(6.315583e+00 4.396708e+00 2.858056e+00)
3.112447e-02	propellerTip	(-6.391933e+00 -3.862246e+00 -2.971301e+00)	(6.385176e+00 4.404749e+00 2.896661e+00)
3.126569e-02	propellerTip	(-6.449879e+00 -3.849357e+00 -2.950882e+00)	(6.443322e+00 4.414308e+00 2.893303e+00)
3.140700e-02	propellerTip	(-6.496048e+00 -3.837131e+00 -2.923629e+00)	(6.489803e+00 4.426153e+00 2.884680e+00)
3.154844e-02	propellerTip	(-6.531071e+00 -3.825681e+00 -2.890113e+00)	(6.524973e+00 4.440476e+00 2.869894e+00)
3.169002e-02	propellerTip	(-6.554261e+00 -3.814509e+00 -2.850173e+00)	(6.548329e+00 4.456393e+00 2.850582e+00)
3.183176e-02	propellerTip	(-6.564163e+00 -3.804112e+00 -2.804473e+00)	(6.558869e+00 4.471082e+00 2.824822e+00)
3.197368e-02	propellerTip	(-6.562592e+00 -3.794471e+00 -2.753986e+00)	(6.559569e+00 4.485118e+00 2.792142e+00)
3.211579e-02	propellerTip	(-6.552203e+00 -3.785388e+00 -2.697393e+00)	(6.549991e+00 4.499322e+00 2.752235e+00)
3.225807e-02	propellerTip	(-6.530531e+00 -3.777142e+00 -2.633212e+00)	(6.529151e+00 4.513606e+00 2.705303e+00)
3.240052e-02	propellerTip	(-6.497434e+00 -3.769255e+00 -2.562756e+00)	(6.496844e+00 4.528173e+00 2.654009e+00)
3.254312e-02	propellerTip	(-6.452292e+00 -3.761919e+00 -2.499544e+00)	(6.452536e+00 4.545700e+00 2.596514e+00)
3.268587e-02	propellerTip	(-6.396366e+00 -3.755212e+00 -2.464815e+00)	(6.397506e+00 4.562090e+00 2.532949e+00)
3.282875e-02	propellerTip	(-6.328984e+00 -3.748554e+00 -2.467616e+00)	(6.331059e+00 4.577636e+00 2.482181e+00)
3.297172e-02	propellerTip	(-6.250563e+00 -3.742116e+00 -2.451187e+00)	(6.253460e+00 4.593893e+00 2.463231e+00)
3.311479e-02	propellerTip	(-6.161034e+00 -3.736310e+00 -2.664392e+00)	(6.164610e+00 4.613479e+00 2.674135e+00)
3.325792e-02	propellerTip	(-6.059466e+00 -3.732462e+00 -2.922192e+00)	(6.063616e+00 4.641790e+00 2.932682e+00)
3.340108e-02	propellerTip	(-5.946560e+00 -3.727301e+00 -3.173047e+00)	(5.950999e+00 4.673762e+00 3.184355e+00)
3.354426e-02	propellerTip	(-5.822989e+00 -3.720354e+00 -3.420171e+00)	(5.827590e+00 4.709160e+00 3.431071e+00)
3.368748e-02	propellerTip	(-5.688293e+00 -3.712511e+00 -3.671349e+00)	(5.693290e+00 4.746030e+00 3.679874e+00)
3.383072e-02	propellerTip	(-5.543011e+00 -3.706609e+00 -3.935138e+00)	(5.548186e+00 4.781563e+00 3.943278e+00)
3.397399e-02	propellerTip	(-5.386219e+00 -3.702154e+00 -4.194862e+00)	(5.391489e+00 4.817630e+00 4.202905e+00)
3.411727e-02	propellerTip	(-5.217893e+00 -3.699257e+00 -4.450046e+00)	(5.223282e+00 4.853991e+00 4.457976e+00)
3.426055e-02	propellerTip	(-5.037836e+00 -3.696951e+00 -4.699302e+00)	(5.043373e+00 4.890717e+00 4.706806e+00)
3.440384e-02	propellerTip	(-4.846118e+00 -3.693768e+00 -4.939256e+00)	(4.851725e+00 4.928969e+00 4.946410e+00)
3.454717e-02	propellerTip	(-4.642904e+00 -3.694920e+00 -5.171487e+00)	(4.648671e+00 4.968897e+00 5.178409e+00)
3.469055e-02	propellerTip	(-4.428775e+00 -3.695070e+00 -5.396039e+00)	(4.434669e+00 5.011014e+00 5.402884e+00)
3.483395e-02	propellerTip	(-4.204055e+00 -3.692303e+00 -5.612348e+00)	(4.209801e+00 5.054944e+00 5.618998e+00)
3.497737e-02	propellerTip	(-3.968686e+00 -3.690735e+00 -5.819845e+00)	(3.974217e+00 5.099622e+00 5.826109e+00)
3.512080e-02	propellerTip	(-3.723244e+00 -3.687842e+00 -6.018052e+00)	(3.728363e+00 5.145733e+00 6.023876e+00)
3.526422e-02	propellerTip	(-3.467496e+00 -3.686048e+00 -6.206144e+00)	(3.472239e+00 5.192702e+00 6.211580e+00)
3.540765e-02	propellerTip	(-3.249638e+00 -3.684663e+00 -6.383471e+00)	(3.206453e+00 5.240009e+00 6.388539e+00)
3.555110e-02	propellerTip	(-3.242414e+00 -3.684310e+00 -6.549263e+00)	(3.163222e+00 5.287169e+00 6.554029e+00)
3.569460e-02	propellerTip	(-3.228320e+00 -3.682889e+00 -6.702522e+00)	(3.174210e+00 5.333972e+00 6.707033e+00)
3.583814e-02	propellerTip	(-3.206955e+00 -3.680319e+00 -6.843177e+00)	(3.122653e+00 5.379886e+00 6.847268e+00)
3.598169e-02	propellerTip	(-3.178976e+00 -3.677898e+00 -6.970280e+00)	(3.124771e+00 5.425031e+00 6.973834e+00)
3.612523e-02	propellerTip	(-3.142758e+00 -3.675958e+00 -7.083245e+00)	(3.153637e+00 5.469420e+00 7.086349e+00)
3.626874e-02	propellerTip	(-3.099735e+00 -3.673606e+00 -7.181635e+00)	(3.131942e+00 5.513981e+00 7.184510e+00)
3.641226e-02	propellerTip	(-3.051253e+00 -3.671027e+00 -7.264553e+00)	(3.103618e+00 5.557502e+00 7.267287e+00)
3.655580e-02	propellerTip	(-2.997322e+00 -3.668440e+00 -7.331566e+00)	(3.068043e+00 5.598121e+00 7.334025e+00)
3.669935e-02	propellerTip	(-2.937749e+00 -3.665888e+00 -7.384000e+00)	(3.025791e+00 5.638900e+00 7.385953e+00)
3.684289e-02	propellerTip	(-2.872790e+00 -3.663252e+00 -7.420962e+00)	(2.978710e+00 5.676127e+00 7.422505e+00)
3.698640e-02	propellerTip	(-2.803385e+00 -3.660597e+00 -7.442829e+00)	(2.926346e+00 5.713871e+00 7.445799e+00)
3.712992e-02	propellerTip	(-2.729608e+00 -3.658176e+00 -7.449438e+00)	(2.867749e+00 5.749546e+00 7.453745e+00)
3.727346e-02	propellerTip	(-2.649834e+00 -3.655765e+00 -7.439295e+00)	(2.802000e+00 5.785711e+00 7.444594e+00)
3.741704e-02	propellerTip	(-2.612984e+00 -3.653653e+00 -7.412350e+00)	(2.732140e+00 5.814217e+00 7.418344e+00)
3.756063e-02	propellerTip	(-2.607130e+00 -3.651479e+00 -7.369330e+00)	(2.656190e+00 5.835214e+00 7.375847e+00)
3.770425e-02	propellerTip	(-2.597233e+00 -3.648961e+00 -7.313063e+00)	(2.619050e+00 5.857298e+00 7.319616e+00)
3.784788e-02	propellerTip	(-2.583731e+00 -3.646186e+00 -7.242528e+00)	(2.607143e+00 5.882473e+00 7.249261e+00)
3.799153e-02	propellerTip	(-2.549673e+00 -3.643195e+00 -7.155761e+00)	(2.566841e+00 5.912556e+00 7.162840e+00)
3.813520e-02	propellerTip	(-2.852765e+00 -3.640988e+00 -7.053406e+00)	(2.860466e+00 5.943761e+00 7.060627e+00)
3.827887e-02	propellerTip	(-3.171577e+00 -3.638815e+00 -6.935851e+00)	(3.179864e+00 5.973391e+00 6.943073e+00)
3.842249e-02	propellerTip	(-3.486172e+00 -3.634694e+00 -6.803179e+00)	(3.495119e+00 6.002597e+00 6.810237e+00)
3.856602e-02	propellerTip	(-3.795836e+00 -3.629088e+00 -6.655498e+00)	(3.805416e+00 6.031045e+00 6.662450e+00)
3.870950e-02	propellerTip	(-4.099619e+00 -3.623645e+00 -6.493489e+00)	(4.109749e+00 6.057985e+00 6.500192e+00)
3.885295e-02	propellerTip	(-4.395526e+00 -3.618958e+00 -6.318803e+00)	(4.406282e+00 6.082927e+00 6.325262e+00)
3.899634e-02	propellerTip	(-4.682894e+00 -3.615008e+00 -6.131452e+00)	(4.694130e+00 6.107194e+00 6.137608e+00)
3.913969e-02	propellerTip	(-4.961427e+00 -3.612788e+00 -5.931054e+00)	(4.973253e+00 6.130217e+00 5.936841e+00)
3.928300e-02	propellerTip	(-5.231239e+00 -3.608689e+00 -5.717685e+00)	(5.243524e+00 6.153587e+00 5.723207e+00)
3.942626e-02	propellerTip	(-5.491671e+00 -3.605653e+00 -5.491581e+00)	(5.504340e+00 6.176738e+00 5.496861e+00)
3.956949e-02	propellerTip	(-5.741977e+00 -3.605953e+00 -5.252963e+00)	(5.754922e+00 6.198808e+00 5.257923e+00)
3.971271e-02	propellerTip	(-5.981459e+00 -3.602251e+00 -5.002252e+00)	(5.994649e+00 6.220066e+00 5.006784e+00)
3.985588e-02	propellerTip	(-6.209440e+00 -3.596890e+00 -4.739673e+00)	(6.222960e+00 6.240225e+00 4.743670e+00)
3.999899e-02	propellerTip	(-6.425550e+00 -3.591798e+00 -4.465892e+00)	(6.439284e+00 6.258840e+00 4.469203e+00)
4.014204e-02	propellerTip	(-6.629820e+00 -3.586782e+00 -4.182311e+00)	(6.643734e+00 6.278344e+00 4.184900e+00)
4.028503e-02	propellerTip	(-6.821344e+00 -3.582033e+00 -3.888709e+00)	(6.835492e+00 6.296804e+00 3.890717e+00)
4.042795e-02	propellerTip	(-6.999410e+00 -3.577344e+00 -3.585540e+00)	(7.013692e+00 6.313250e+00 3.587203e+00)
4.057084e-02	propellerTip	(-7.163598e+00 -3.572603e+00 -3.273835e+00)	(7.177678e+00 6.328980e+00 3.275204e+00)
4.071368e-02	propellerTip	(-7.313508e+00 -3.566694e+00 -3.125203e+00)	(7.327095e+00 6.345383e+00 3.213739e+00)
4.085650e-02	propellerTip	(-7.448947e+00 -3.559540e+00 -3.147827e+00)	(7.461920e+00 6.362325e+00 3.204399e+00)
4.099927e-02	propellerTip	(-7.569204e+00 -3.551660e+00 -3.160575e+00)	(7.581596e+00 6.378975e+00 3.188010e+00)
4.114200e-02	propellerTip	(-7.673222e+00 -3.544775e+00 -3.161690e+00)	(7.685247e+00 6.395600e+00 3.165659e+00)
4.128467e-02	propellerTip	(-7.760762e+00 -3.537635e+00 -3.151080e+00)	(7.772621e+00 6.412170e+00 3.152277e+00)
4.142730e-02	propellerTip	(-7.831027e+00 -3.530592e+00 -3.124881e+00)	(7.842854e+00 6.428117e+00 3.127109e+00)
4.156990e-02	propellerTip	(-7.884150e+00 -3.523386e+00 -3.087666e+00)	(7.895591e+00 6.445529e+00 3.090349e+00)
4.171248e-02	propellerTip	(-7.920889e+00 -3.516116e+00 -3.042881e+00)	(7.931968e+00 6.464101e+00 3.045395e+00)
4.185500e-02	propellerTip	(-7.941662e+00 -3.508904e+00 -2.992523e+00)	(7.952501e+00 6.480398e+00 2.994300e+00)
4.199744e-02	propellerTip	(-7.946281e+00 -3.502034e+00 -2.933125e+00)	(7.957225e+00 6.493797e+00 2.934225e+00)
4.213978e-02	propellerTip	(-7.933190e+00 -3.495160e+00 -2.880240e+00)	(7.943893e+00 6.497788e+00 2.880503e+00)
4.228205e-02	propellerTip	(-7.903461e+00 -3.488138e+00 -2.824631e+00)	(7.914117e+00 6.499401e+00 2.824344e+00)
4.242424e-02	propellerTip	(-7.858269e+00 -3.480663e+00 -2.764324e+00)	(7.868912e+00 6.500446e+00 2.764323e+00)
4.256637e-02	propellerTip	(-7.798250e+00 -3.472595e+00 -2.724563e+00)	(7.808435e+00 6.500977e+00 2.750643e+00)
4.270847e-02	propellerTip	(-7.723419e+00 -3.464802e+00 -2.801033e+00)	(7.733465e+00 6.500853e+00 2.829590e+00)
4.285056e-02	propellerTip	(-7.632011e+00 -3.457105e+00 -2.868370e+00)	(7.641941e+00 6.509610e+00 2.896775e+00)
4.299260e-02	propellerTip	(-7.526892e+00 -3.449555e+00 -2.884531e+00)	(7.536524e+00 6.517873e+00 2.906034e+00)
4.313465e-02	propellerTip	(-7.407371e+00 -3.441811e+00 -2.938790e+00)	(7.416691e+00 6.523319e+00 2.928783e+00)
4.327675e-02	propellerTip	(-7.271659e+00 -3.434608e+00 -3.269609e+00)	(7.280617e+00 6.532042e+00 3.258933e+00)
4.341892e-02	propellerTip	(-7.121181e+00 -3.426213e+00 -3.594209e+00)	(7.129833e+00 6.542937e+00 3.582718e+00)
4.356122e-02	propellerTip	(-6.956099e+00 -3.416369e+00 -3.912928e+00)	(6.964537e+00 6.553407e+00 3.900636e+00)
4.370365e-02	propellerTip	(-6.777568e+00 -3.406509e+00 -4.225195e+00)	(6.785690e+00 6.562586e+00 4.212096e+00)
4.384619e-02	propellerTip	(-6.587137e+00 -3.398720e+00 -4.528785e+00)	(6.594961e+00 6.570028e+00 4.514944e+00)
4.398880e-02	propellerTip	(-6.384950e+00 -3.390333e+00 -4.823351e+00)	(6.392462e+00 6.577995e+00 4.808903e+00)
4.413148e-02	propellerTip	(-6.170856e+00 -3.383907e+00 -5.109117e+00)	(6.177976e+00 6.587829e+00 5.094180e+00)
4.427422e-02	propellerTip	(-5.944819e+00 -3.374659e+00 -5.385928e+00)	(5.951519e+00 6.600179e+00 5.370580e+00)
4.441705e-02	propellerTip	(-5.707154e+00 -3.369955e+00 -5.653691e+00)	(5.713407e+00 6.615511e+00 5.637924e+00)
4.455994e-02	propellerTip	(-5.457805e+00 -3.366479e+00 -5.911815e+00)	(5.463496e+00 6.631294e+00 5.895404e+00)
4.470291e-02	propellerTip	(-5.196606e+00 -3.360444e+00 -6.159372e+00)	(5.201653e+00 6.646105e+00 6.142107e+00)
4.484592e-02	propellerTip	(-4.923864e+00 -3.354541e+00 -6.395258e+00)	(4.928305e+00 6.661178e+00 6.377218e+00)
4.498900e-02	propellerTip	(-4.639874e+00 -3.347570e+00 -6.619226e+00)	(4.643746e+00 6.676169e+00 6.600408e+00)
4.513216e-02	propellerTip	(-4.345950e+00 -3.339980e+00 -6.831175e+00)	(4.349265e+00 6.693169e+00 6.811702e+00)
4.527539e-02	propellerTip	(-4.042056e+00 -3.334336e+00 -7.030545e+00)	(4.044821e+00 6.709981e+00 7.010495e+00)
4.541870e-02	propellerTip	(-3.729134e+00 -3.329821e+00 -7.216972e+00)	(3.731439e+00 6.727472e+00 7.196411e+00)
4.556209e-02	propellerTip	(-3.407601e+00 -3.325500e+00 -7.389688e+00)	(3.409622e+00 6.745577e+00 7.368873e+00)
4.570558e-02	propellerTip	(-3.355925e+00 -3.320284e+00 -7.547799e+00)	(3.369234e+00 6.764552e+00 7.526811e+00)
4.584918e-02	propellerTip	(-3.351531e+00 -3.314541e+00 -7.690692e+00)	(3.365035e+00 6.784715e+00 7.669732e+00)
4.599289e-02	propellerTip	(-3.338913e+00 -3.308117e+00 -7.818470e+00)	(3.352489e+00 6.805821e+00 7.797398e+00)
4.613671e-02	propellerTip	(-3.318372e+00 -3.302418e+00 -7.930250e+00)	(3.344289e+00 6.827358e+00 7.908855e+00)
4.628064e-02	propellerTip	(-3.318224e+00 -3.297340e+00 -8.025568e+00)	(3.345802e+00 6.849376e+00 8.003966e+00)
4.642465e-02	propellerTip	(-3.309392e+00 -3.292743e+00 -8.104865e+00)	(3.338360e+00 6.873061e+00 8.083025e+00)
4.656874e-02	propellerTip	(-3.295677e+00 -3.288710e+00 -8.166963e+00)	(3.326155e+00 6.896046e+00 8.144841e+00)
4.671290e-02	propellerTip	(-3.274804e+00 -3.285767e+00 -8.211391e+00)	(3.306502e+00 6.920214e+00 8.189042e+00)
4.685710e-02	propellerTip	(-3.257594e+00 -3.282918e+00 -8.239640e+00)	(3.291618e+00 6.943190e+00 8.216956e+00)
4.700135e-02	propellerTip	(-3.231731e+00 -3.280702e+00 -8.251733e+00)	(3.267250e+00 6.961619e+00 8.228929e+00)
4.714563e-02	propellerTip	(-3.214274e+00 -3.278863e+00 -8.248970e+00)	(3.251596e+00 6.975464e+00 8.226402e+00)
4.728995e-02	propellerTip	(-3.199503e+00 -3.277046e+00 -8.229082e+00)	(3.237654e+00 6.986325e+00 8.206694e+00)
4.743428e-02	propellerTip	(-3.183535e+00 -3.275263e+00 -8.191758e+00)	(3.223131e+00 6.996412e+00 8.169471e+00)
4.757860e-02	propellerTip	(-3.166173e+00 -3.273708e+00 -8.137675e+00)	(3.208115e+00 7.003977e+00 8.115517e+00)
4.772293e-02	propellerTip	(-3.146635e+00 -3.272770e+00 -8.065497e+00)	(3.190304e+00 7.020660e+00 8.043397e+00)
4.786724e-02	propellerTip	(-3.093833e+00 -3.272498e+00 -7.977088e+00)	(3.129035e+00 7.038384e+00 7.955124e+00)
4.801149e-02	propellerTip	(-2.989525e+00 -3.272348e+00 -7.873855e+00)	(3.020904e+00 7.056497e+00 7.852038e+00)
4.815562e-02	propellerTip	(-3.093683e+00 -3.272110e+00 -7.753664e+00)	(3.078248e+00 7.076307e+00 7.732189e+00)
4.829963e-02	propellerTip	(-3.446366e+00 -3.271800e+00 -7.617284e+00)	(3.430198e+00 7.096490e+00 7.596234e+00)
4.844353e-02	propellerTip	(-3.793976e+00 -3.271895e+00 -7.465109e+00)	(3.776715e+00 7.115525e+00 7.444493e+00)
4.858734e-02	propellerTip	(-4.135454e+00 -3.270709e+00 -7.297865e+00)	(4.117006e+00 7.133260e+00 7.277702e+00)
4.873108e-02	propellerTip	(-4.468894e+00 -3.270731e+00 -7.116867e+00)	(4.449380e+00 7.148740e+00 7.097127e+00)
4.887474e-02	propellerTip	(-4.793323e+00 -3.272303e+00 -6.922621e+00)	(4.772884e+00 7.165464e+00 6.903234e+00)
4.901832e-02	propellerTip	(-5.108802e+00 -3.272677e+00 -6.715318e+00)	(5.087423e+00 7.183844e+00 6.696268e+00)
4.916181e-02	propellerTip	(-5.415441e+00 -3.274276e+00 -6.494926e+00)	(5.393184e+00 7.203691e+00 6.476175e+00)
4.930527e-02	propellerTip	(-5.712900e+00 -3.274990e+00 -6.261265e+00)	(5.689651e+00 7.224561e+00 6.242902e+00)
4.944870e-02	propellerTip	(-6.000613e+00 -3.281271e+00 -6.014146e+00)	(5.976503e+00 7.245896e+00 5.996147e+00)
4.959214e-02	propellerTip	(-6.277736e+00 -3.285833e+00 -5.754063e+00)	(6.252850e+00 7.269170e+00 5.736426e+00)
4.973556e-02	propellerTip	(-6.543344e+00 -3.289366e+00 -5.480960e+00)	(6.517672e+00 7.291075e+00 5.463975e+00)
4.987897e-02	propellerTip	(-6.796824e+00 -3.293088e+00 -5.195316e+00)	(6.770378e+00 7.312794e+00 5.179164e+00)
5.002239e-02	propellerTip	(-7.037601e+00 -3.295928e+00 -4.897651e+00)	(7.010428e+00 7.335172e+00 4.882431e+00)
5.016583e-02	propellerTip	(-7.265804e+00 -3.299003e+00 -4.588595e+00)	(7.237802e+00 7.357466e+00 4.574455e+00)
5.030931e-02	propellerTip	(-7.480395e+00 -3.302878e+00 -4.268416e+00)	(7.451473e+00 7.379009e+00 4.255249e+00)
5.045283e-02	propellerTip	(-7.681025e+00 -3.306692e+00 -3.938327e+00)	(7.651219e+00 7.401056e+00 3.926039e+00)
5.059640e-02	propellerTip	(-7.866030e+00 -3.310298e+00 -3.598998e+00)	(7.835381e+00 7.423743e+00 3.587530e+00)
5.074004e-02	propellerTip	(-8.034992e+00 -3.312812e+00 -3.344098e+00)	(8.003861e+00 7.446303e+00 3.335524e+00)
5.088375e-02	propellerTip	(-8.187533e+00 -3.314997e+00 -3.358195e+00)	(8.156050e+00 7.468357e+00 3.350470e+00)
5.102751e-02	propellerTip	(-8.323335e+00 -3.316676e+00 -3.361982e+00)	(8.291378e+00 7.489863e+00 3.355443e+00)
5.117130e-02	propellerTip	(-8.441553e+00 -3.318606e+00 -3.355490e+00)	(8.409298e+00 7.510417e+00 3.350348e+00)
5.131508e-02	propellerTip	(-8.542399e+00 -3.320619e+00 -3.334072e+00)	(8.509828e+00 7.531177e+00 3.330756e+00)
5.145881e-02	propellerTip	(-8.625972e+00 -3.322574e+00 -3.300983e+00)	(8.593641e+00 7.553337e+00 3.299245e+00)
5.160247e-02	propellerTip	(-8.693607e+00 -3.324761e+00 -3.257467e+00)	(8.660980e+00 7.576259e+00 3.256894e+00)
5.174601e-02	propellerTip	(-8.742631e+00 -3.327477e+00 -3.204101e+00)	(8.709492e+00 7.596076e+00 3.204372e+00)
5.188939e-02	propellerTip	(-8.774434e+00 -3.329779e+00 -3.140482e+00)	(8.740866e+00 7.613032e+00 3.141291e+00)
5.203259e-02	propellerTip	(-8.788795e+00 -3.332033e+00 -3.065039e+00)	(8.755188e+00 7.628516e+00 3.066221e+00)
5.217560e-02	propellerTip	(-8.784756e+00 -3.334233e+00 -2.994757e+00)	(8.751411e+00 7.640952e+00 2.995908e+00)
5.231841e-02	propellerTip	(-8.763132e+00 -3.335937e+00 -2.921101e+00)	(8.730135e+00 7.647517e+00 2.922170e+00)
5.246100e-02	propellerTip	(-8.723088e+00 -3.337247e+00 -2.846388e+00)	(8.690352e+00 7.650496e+00 2.865679e+00)
5.260337e-02	propellerTip	(-8.664799e+00 -3.338264e+00 -2.914607e+00)	(8.632369e+00 7.658694e+00 2.937717e+00)
5.274556e-02	propellerTip	(-8.588129e+00 -3.339649e+00 -2.991584e+00)	(8.555958e+00 7.667619e+00 3.017441e+00)
5.288759e-02	propellerTip	(-8.494589e+00 -3.345580e+00 -3.059282e+00)	(8.462716e+00 7.677051e+00 3.082035e+00)
5.302947e-02	propellerTip	(-8.383130e+00 -3.355783e+00 -3.048563e+00)	(8.351546e+00 7.687495e+00 3.067284e+00)
5.317126e-02	propellerTip	(-8.253169e+00 -3.368596e+00 -3.218264e+00)	(8.222162e+00 7.698137e+00 3.228270e+00)
5.331298e-02	propellerTip	(-8.106491e+00 -3.382219e+00 -3.582996e+00)	(8.076083e+00 7.709274e+00 3.594103e+00)
5.345471e-02	propellerTip	(-7.944486e+00 -3.397378e+00 -3.941236e+00)	(7.914877e+00 7.719707e+00 3.953633e+00)
5.359651e-02	propellerTip	(-7.768166e+00 -3.412743e+00 -4.292266e+00)	(7.739335e+00 7.728732e+00 4.306078e+00)
5.373842e-02	propellerTip	(-7.577602e+00 -3.425759e+00 -4.635321e+00)	(7.549315e+00 7.738455e+00 4.650577e+00)
5.388046e-02	propellerTip	(-7.372802e+00 -3.435407e+00 -4.969474e+00)	(7.344991e+00 7.749468e+00 4.986041e+00)
5.402261e-02	propellerTip	(-7.153828e+00 -3.441866e+00 -5.294291e+00)	(7.126408e+00 7.761331e+00 5.311964e+00)
5.416486e-02	propellerTip	(-6.920761e+00 -3.451275e+00 -5.609687e+00)	(6.893815e+00 7.773402e+00 5.628236e+00)
5.430722e-02	propellerTip	(-6.673726e+00 -3.458628e+00 -5.915136e+00)	(6.647400e+00 7.785373e+00 5.934500e+00)
5.444968e-02	propellerTip	(-6.412599e+00 -3.464277e+00 -6.210203e+00)	(6.387039e+00 7.797386e+00 6.230278e+00)
5.459223e-02	propellerTip	(-6.137432e+00 -3.468878e+00 -6.494167e+00)	(6.112750e+00 7.809738e+00 6.514935e+00)
5.473484e-02	propellerTip	(-5.848491e+00 -3.471052e+00 -6.765781e+00)	(5.824863e+00 7.822370e+00 6.787301e+00)
5.487751e-02	propellerTip	(-5.546682e+00 -3.470865e+00 -7.024261e+00)	(5.524173e+00 7.836151e+00 7.046359e+00)
5.502026e-02	propellerTip	(-5.232610e+00 -3.479380e+00 -7.268837e+00)	(5.211302e+00 7.850112e+00 7.291438e+00)
5.516307e-02	propellerTip	(-4.907328e+00 -3.483013e+00 -7.499838e+00)	(4.887297e+00 7.863353e+00 7.523049e+00)
5.530595e-02	propellerTip	(-4.570829e+00 -3.479576e+00 -7.715686e+00)	(4.552174e+00 7.875459e+00 7.739792e+00)
5.544890e-02	propellerTip	(-4.224071e+00 -3.476935e+00 -7.915962e+00)	(4.206731e+00 7.885798e+00 7.940913e+00)
5.559194e-02	propellerTip	(-3.868068e+00 -3.469971e+00 -8.099692e+00)	(3.851942e+00 7.896024e+00 8.125358e+00)
5.573507e-02	propellerTip	(-3.524673e+00 -3.456866e+00 -8.267369e+00)	(3.538627e+00 7.906696e+00 8.293535e+00)
5.587830e-02	propellerTip	(-3.541571e+00 -3.448366e+00 -8.418203e+00)	(3.556232e+00 7.917321e+00 8.444595e+00)
5.602162e-02	propellerTip	(-3.569000e+00 -3.443398e+00 -8.551123e+00)	(3.583594e+00 7.927620e+00 8.577613e+00)
5.616503e-02	propellerTip	(-3.582178e+00 -3.443520e+00 -8.667688e+00)	(3.597778e+00 7.937673e+00 8.693667e+00)
5.630851e-02	propellerTip	(-3.580850e+00 -3.451079e+00 -8.767218e+00)	(3.598577e+00 7.948639e+00 8.793323e+00)
5.645206e-02	propellerTip	(-3.562479e+00 -3.449977e+00 -8.848788e+00)	(3.580096e+00 7.960791e+00 8.875002e+00)
5.659566e-02	propellerTip	(-3.538536e+00 -3.445141e+00 -8.910993e+00)	(3.555595e+00 7.973307e+00 8.937442e+00)
5.673929e-02	propellerTip	(-3.513480e+00 -3.440524e+00 -8.953968e+00)	(3.530011e+00 7.980438e+00 8.980804e+00)
5.688293e-02	propellerTip	(-3.490915e+00 -3.437124e+00 -8.979719e+00)	(3.506076e+00 7.987890e+00 9.006657e+00)
5.702656e-02	propellerTip	(-3.458330e+00 -3.434923e+00 -8.987420e+00)	(3.473172e+00 7.993402e+00 9.014108e+00)
5.717019e-02	propellerTip	(-3.438762e+00 -3.433556e+00 -8.976662e+00)	(3.453535e+00 7.993266e+00 9.002771e+00)
5.731382e-02	propellerTip	(-3.421673e+00 -3.433343e+00 -8.947916e+00)	(3.436307e+00 7.992133e+00 8.973455e+00)
5.745746e-02	propellerTip	(-3.401762e+00 -3.437468e+00 -8.900247e+00)	(3.416547e+00 7.991298e+00 8.925245e+00)
5.760108e-02	propellerTip	(-3.377472e+00 -3.439816e+00 -8.834408e+00)	(3.392219e+00 7.991791e+00 8.858937e+00)
5.774467e-02	propellerTip	(-3.328898e+00 -3.432629e+00 -8.749677e+00)	(3.342656e+00 7.992953e+00 8.773758e+00)
5.788823e-02	propellerTip	(-3.240526e+00 -3.425590e+00 -8.647868e+00)	(3.254743e+00 7.993597e+00 8.671513e+00)
5.803172e-02	propellerTip	(-3.147025e+00 -3.422542e+00 -8.526159e+00)	(3.162369e+00 7.994210e+00 8.549269e+00)
5.817511e-02	propellerTip	(-3.235541e+00 -3.421301e+00 -8.386680e+00)	(3.241606e+00 7.996423e+00 8.409140e+00)
5.831841e-02	propellerTip	(-3.611736e+00 -3.421424e+00 -8.230532e+00)	(3.618903e+00 7.998550e+00 8.252359e+00)
5.846162e-02	propellerTip	(-3.980291e+00 -3.422832e+00 -8.059568e+00)	(3.988483e+00 7.999055e+00 8.080728e+00)
5.860476e-02	propellerTip	(-4.341307e+00 -3.425867e+00 -7.873680e+00)	(4.350616e+00 7.999745e+00 7.894103e+00)
5.874787e-02	propellerTip	(-4.693658e+00 -3.430140e+00 -7.672885e+00)	(4.704157e+00 8.000968e+00 7.692690e+00)
5.889095e-02	propellerTip	(-5.036316e+00 -3.436125e+00 -7.457400e+00)	(5.047950e+00 8.003509e+00 7.476705e+00)
5.903400e-02	propellerTip	(-5.368681e+00 -3.441951e+00 -7.227712e+00)	(5.381188e+00 8.006661e+00 7.246551e+00)
5.917699e-02	propellerTip	(-5.690506e+00 -3.447989e+00 -6.984248e+00)	(5.703687e+00 8.009799e+00 7.002443e+00)
5.931998e-02	propellerTip	(-6.001442e+00 -3.454724e+00 -6.727260e+00)	(6.015252e+00 8.013032e+00 6.744675e+00)
5.946298e-02	propellerTip	(-6.301133e+00 -3.460184e+00 -6.456684e+00)	(6.315620e+00 8.016398e+00 6.473259e+00)
5.960600e-02	propellerTip	(-6.588910e+00 -3.465379e+00 -6.172489e+00)	(6.604110e+00 8.019926e+00 6.188307e+00)
5.974900e-02	propellerTip	(-6.863855e+00 -3.468385e+00 -5.875031e+00)	(6.879596e+00 8.023092e+00 5.890144e+00)
5.989200e-02	propellerTip	(-7.125116e+00 -3.470528e+00 -5.564956e+00)	(7.141102e+00 8.027660e+00 5.579362e+00)
6.003501e-02	propellerTip	(-7.372142e+00 -3.482294e+00 -5.243176e+00)	(7.388231e+00 8.034615e+00 5.256832e+00)
6.017805e-02	propellerTip	(-7.604841e+00 -3.486285e+00 -4.910772e+00)	(7.621231e+00 8.041224e+00 4.923326e+00)
6.032111e-02	propellerTip	(-7.822188e+00 -3.485166e+00 -4.567842e+00)	(7.839251e+00 8.046640e+00 4.579113e+00)
6.046420e-02	propellerTip	(-8.023694e+00 -3.483691e+00 -4.214815e+00)	(8.041408e+00 8.050978e+00 4.224972e+00)
6.060735e-02	propellerTip	(-8.208523e+00 -3.476845e+00 -3.853013e+00)	(8.226791e+00 8.055611e+00 3.862124e+00)
6.075056e-02	propellerTip	(-8.377122e+00 -3.467773e+00 -3.483452e+00)	(8.395686e+00 8.060929e+00 3.491536e+00)
6.089384e-02	propellerTip	(-8.528880e+00 -3.460266e+00 -3.437524e+00)	(8.547363e+00 8.067052e+00 3.429901e+00)
6.103718e-02	propellerTip	(-8.663719e+00 -3.454890e+00 -3.438530e+00)	(8.681440e+00 8.073155e+00 3.431580e+00)
6.118055e-02	propellerTip	(-8.781840e+00 -3.452684e+00 -3.430344e+00)	(8.799345e+00 8.079602e+00 3.424426e+00)
6.132393e-02	propellerTip	(-8.881684e+00 -3.454866e+00 -3.406363e+00)	(8.899083e+00 8.086928e+00 3.401192e+00)
6.146733e-02	propellerTip	(-8.963214e+00 -3.450635e+00 -3.371999e+00)	(8.980614e+00 8.095512e+00 3.367641e+00)
6.161072e-02	propellerTip	(-9.025362e+00 -3.443220e+00 -3.328525e+00)	(9.042870e+00 8.105454e+00 3.324904e+00)
6.175406e-02	propellerTip	(-9.068188e+00 -3.436733e+00 -3.274076e+00)	(9.085882e+00 8.109196e+00 3.271149e+00)
6.189731e-02	propellerTip	(-9.094148e+00 -3.432265e+00 -3.209562e+00)	(9.111792e+00 8.115953e+00 3.207256e+00)
6.204044e-02	propellerTip	(-9.102053e+00 -3.429896e+00 -3.129853e+00)	(9.119298e+00 8.118685e+00 3.127980e+00)
6.218346e-02	propellerTip	(-9.091787e+00 -3.429962e+00 -3.061190e+00)	(9.108350e+00 8.117054e+00 3.055206e+00)
6.232636e-02	propellerTip	(-9.063271e+00 -3.435570e+00 -3.083158e+00)	(9.079223e+00 8.116415e+00 3.079310e+00)
6.246913e-02	propellerTip	(-9.016089e+00 -3.444913e+00 -3.119804e+00)	(9.031410e+00 8.115068e+00 3.117741e+00)
6.261176e-02	propellerTip	(-8.950633e+00 -3.446290e+00 -3.168945e+00)	(8.965474e+00 8.115357e+00 3.168180e+00)
6.275424e-02	propellerTip	(-8.866456e+00 -3.443763e+00 -3.219076e+00)	(8.880795e+00 8.116713e+00 3.218739e+00)
6.289660e-02	propellerTip	(-8.764925e+00 -3.445578e+00 -3.221959e+00)	(8.778850e+00 8.117443e+00 3.220877e+00)
6.303884e-02	propellerTip	(-8.643889e+00 -3.450032e+00 -3.190083e+00)	(8.657187e+00 8.119091e+00 3.188615e+00)
6.318095e-02	propellerTip	(-8.505136e+00 -3.456421e+00 -3.298168e+00)	(8.517797e+00 8.121592e+00 3.291161e+00)
6.332299e-02	propellerTip	(-8.349886e+00 -3.468945e+00 -3.675213e+00)	(8.361908e+00 8.123686e+00 3.667534e+00)
6.346495e-02	propellerTip	(-8.179673e+00 -3.480268e+00 -4.044682e+00)	(8.191080e+00 8.124632e+00 4.036415e+00)
6.360687e-02	propellerTip	(-7.994395e+00 -3.491688e+00 -4.406897e+00)	(8.005147e+00 8.126089e+00 4.397929e+00)
6.374882e-02	propellerTip	(-7.794018e+00 -3.500763e+00 -4.760763e+00)	(7.804281e+00 8.128236e+00 4.751040e+00)
6.389084e-02	propellerTip	(-7.578758e+00 -3.506748e+00 -5.105373e+00)	(7.588609e+00 8.131765e+00 5.094913e+00)
6.403292e-02	propellerTip	(-7.349068e+00 -3.508236e+00 -5.439922e+00)	(7.358534e+00 8.136129e+00 5.428968e+00)
6.417508e-02	propellerTip	(-7.105337e+00 -3.507522e+00 -5.764141e+00)	(7.114243e+00 8.140602e+00 5.752845e+00)
6.431731e-02	propellerTip	(-6.847804e+00 -3.514345e+00 -6.077721e+00)	(6.856032e+00 8.145295e+00 6.066132e+00)
6.445964e-02	propellerTip	(-6.576478e+00 -3.518132e+00 -6.380223e+00)	(6.583995e+00 8.150164e+00 6.368322e+00)
6.460208e-02	propellerTip	(-6.291320e+00 -3.521155e+00 -6.671057e+00)	(6.298161e+00 8.155195e+00 6.658764e+00)
6.474461e-02	propellerTip	(-5.992604e+00 -3.521513e+00 -6.949113e+00)	(5.998815e+00 8.160059e+00 6.936520e+00)
6.488720e-02	propellerTip	(-5.680911e+00 -3.520585e+00 -7.213368e+00)	(5.686575e+00 8.164891e+00 7.200782e+00)
6.502986e-02	propellerTip	(-5.357202e+00 -3.528867e+00 -7.463134e+00)	(5.362265e+00 8.173636e+00 7.450687e+00)
6.517257e-02	propellerTip	(-5.022465e+00 -3.530048e+00 -7.698468e+00)	(5.026815e+00 8.181839e+00 7.686096e+00)
6.531534e-02	propellerTip	(-4.676840e+00 -3.526072e+00 -7.919016e+00)	(4.680349e+00 8.188860e+00 7.906398e+00)
6.545817e-02	propellerTip	(-4.320840e+00 -3.522237e+00 -8.123658e+00)	(4.323461e+00 8.195069e+00 8.110610e+00)
6.560107e-02	propellerTip	(-3.955922e+00 -3.513922e+00 -8.311415e+00)	(3.957697e+00 8.201481e+00 8.298023e+00)
6.574403e-02	propellerTip	(-3.619977e+00 -3.503785e+00 -8.482654e+00)	(3.606241e+00 8.208887e+00 8.469187e+00)
6.588708e-02	propellerTip	(-3.634772e+00 -3.494874e+00 -8.636861e+00)	(3.621171e+00 8.216926e+00 8.624297e+00)
6.603019e-02	propellerTip	(-3.660906e+00 -3.489539e+00 -8.775465e+00)	(3.647735e+00 8.225398e+00 8.763584e+00)
6.617334e-02	propellerTip	(-3.673743e+00 -3.487331e+00 -8.895880e+00)	(3.661371e+00 8.233671e+00 8.884411e+00)
6.631654e-02	propellerTip	(-3.674730e+00 -3.493512e+00 -8.997776e+00)	(3.662857e+00 8.242436e+00 8.986551e+00)
6.645980e-02	propellerTip	(-3.655413e+00 -3.492401e+00 -9.081300e+00)	(3.644901e+00 8.251679e+00 9.070232e+00)
6.660309e-02	propellerTip	(-3.629991e+00 -3.487414e+00 -9.145501e+00)	(3.620886e+00 8.262811e+00 9.134488e+00)
6.674639e-02	propellerTip	(-3.604196e+00 -3.482892e+00 -9.190292e+00)	(3.596236e+00 8.267892e+00 9.179192e+00)
6.688966e-02	propellerTip	(-3.578736e+00 -3.479585e+00 -9.217977e+00)	(3.571690e+00 8.275734e+00 9.206940e+00)
6.703290e-02	propellerTip	(-3.549529e+00 -3.477119e+00 -9.227043e+00)	(3.542949e+00 8.279051e+00 9.216463e+00)
6.717613e-02	propellerTip	(-3.533967e+00 -3.477042e+00 -9.217823e+00)	(3.528088e+00 8.278863e+00 9.208013e+00)
6.731935e-02	propellerTip	(-3.517482e+00 -3.481532e+00 -9.190005e+00)	(3.512337e+00 8.280856e+00 9.180921e+00)
6.746256e-02	propellerTip	(-3.496699e+00 -3.486823e+00 -9.143411e+00)	(3.491952e+00 8.280405e+00 9.134982e+00)
6.760574e-02	propellerTip	(-3.471981e+00 -3.478521e+00 -9.078342e+00)	(3.467258e+00 8.280831e+00 9.070493e+00)
6.774888e-02	propellerTip	(-3.408280e+00 -3.471653e+00 -8.994156e+00)	(3.402452e+00 8.282713e+00 8.986911e+00)
6.789198e-02	propellerTip	(-3.314193e+00 -3.468038e+00 -8.892003e+00)	(3.307205e+00 8.283751e+00 8.885236e+00)
6.803503e-02	propellerTip	(-3.219509e+00 -3.466224e+00 -8.770004e+00)	(3.211480e+00 8.287591e+00 8.763814e+00)
6.817799e-02	propellerTip	(-3.310635e+00 -3.465752e+00 -8.630147e+00)	(3.301727e+00 8.291226e+00 8.624584e+00)
6.832087e-02	propellerTip	(-3.695573e+00 -3.466108e+00 -8.473848e+00)	(3.686305e+00 8.293138e+00 8.469023e+00)
6.846367e-02	propellerTip	(-4.072948e+00 -3.467357e+00 -8.301889e+00)	(4.063427e+00 8.294044e+00 8.297696e+00)
6.860638e-02	propellerTip	(-4.443120e+00 -3.470241e+00 -8.114291e+00)	(4.433249e+00 8.295297e+00 8.110708e+00)
6.874901e-02	propellerTip	(-4.804699e+00 -3.474419e+00 -7.911318e+00)	(4.794358e+00 8.297122e+00 7.908208e+00)
6.889160e-02	propellerTip	(-5.156661e+00 -3.480067e+00 -7.693351e+00)	(5.145891e+00 8.300420e+00 7.690576e+00)
6.903416e-02	propellerTip	(-5.498316e+00 -3.485911e+00 -7.460781e+00)	(5.487340e+00 8.304335e+00 7.458365e+00)
6.917669e-02	propellerTip	(-5.829351e+00 -3.492070e+00 -7.213854e+00)	(5.818257e+00 8.308366e+00 7.211985e+00)
6.931920e-02	propellerTip	(-6.149404e+00 -3.499093e+00 -6.952952e+00)	(6.138203e+00 8.312700e+00 6.951716e+00)
6.946171e-02	propellerTip	(-6.458045e+00 -3.504971e+00 -6.678240e+00)	(6.446709e+00 8.317209e+00 6.677625e+00)
6.960423e-02	propellerTip	(-6.754699e+00 -3.510082e+00 -6.389667e+00)	(6.743135e+00 8.321825e+00 6.389660e+00)
6.974675e-02	propellerTip	(-7.038181e+00 -3.513233e+00 -6.087580e+00)	(7.026470e+00 8.326212e+00 6.088127e+00)
6.988928e-02	propellerTip	(-7.307609e+00 -3.515740e+00 -5.772687e+00)	(7.296124e+00 8.330345e+00 5.773685e+00)
7.003181e-02	propellerTip	(-7.562124e+00 -3.527866e+00 -5.445708e+00)	(7.550973e+00 8.337242e+00 5.447237e+00)
7.017437e-02	propellerTip	(-7.802205e+00 -3.532808e+00 -5.107476e+00)	(7.791223e+00 8.345852e+00 5.109626e+00)
7.031695e-02	propellerTip	(-8.027391e+00 -3.532743e+00 -4.757986e+00)	(8.016352e+00 8.352487e+00 4.760859e+00)
7.045955e-02	propellerTip	(-8.236315e+00 -3.532483e+00 -4.397930e+00)	(8.225087e+00 8.357980e+00 4.401494e+00)
7.060219e-02	propellerTip	(-8.428195e+00 -3.526306e+00 -4.028715e+00)	(8.416826e+00 8.364163e+00 4.032847e+00)
7.074488e-02	propellerTip	(-8.603507e+00 -3.519017e+00 -3.651460e+00)	(8.592525e+00 8.372481e+00 3.656087e+00)
7.088764e-02	propellerTip	(-8.763380e+00 -3.514206e+00 -3.499434e+00)	(8.753366e+00 8.382142e+00 3.490756e+00)
7.103044e-02	propellerTip	(-8.906007e+00 -3.510307e+00 -3.495324e+00)	(8.896506e+00 8.391555e+00 3.486594e+00)
7.117327e-02	propellerTip	(-9.029858e+00 -3.508925e+00 -3.483141e+00)	(9.020760e+00 8.400094e+00 3.481076e+00)
7.131616e-02	propellerTip	(-9.134873e+00 -3.511705e+00 -3.456342e+00)	(9.125990e+00 8.408529e+00 3.452353e+00)
7.145910e-02	propellerTip	(-9.221180e+00 -3.508848e+00 -3.419057e+00)	(9.212436e+00 8.416254e+00 3.414701e+00)
7.160207e-02	propellerTip	(-9.287913e+00 -3.501930e+00 -3.381840e+00)	(9.279202e+00 8.426048e+00 3.375678e+00)
7.174504e-02	propellerTip	(-9.334718e+00 -3.495198e+00 -3.347765e+00)	(9.325866e+00 8.429651e+00 3.339995e+00)
7.188797e-02	propellerTip	(-9.364306e+00 -3.489725e+00 -3.327518e+00)	(9.355483e+00 8.437128e+00 3.318511e+00)
7.203086e-02	propellerTip	(-9.374984e+00 -3.485462e+00 -3.303141e+00)	(9.366572e+00 8.440416e+00 3.293458e+00)
7.217371e-02	propellerTip	(-9.367277e+00 -3.483446e+00 -3.300080e+00)	(9.359514e+00 8.442531e+00 3.290292e+00)
7.231651e-02	propellerTip	(-9.340628e+00 -3.486445e+00 -3.310570e+00)	(9.333515e+00 8.446085e+00 3.301699e+00)
7.245925e-02	propellerTip	(-9.294905e+00 -3.491994e+00 -3.328872e+00)	(9.288334e+00 8.445545e+00 3.321730e+00)
7.260192e-02	propellerTip	(-9.230253e+00 -3.487054e+00 -3.350894e+00)	(9.224136e+00 8.445098e+00 3.347160e+00)
7.274451e-02	propellerTip	(-9.146250e+00 -3.479896e+00 -3.363100e+00)	(9.140621e+00 8.446512e+00 3.363328e+00)
7.288701e-02	propellerTip	(-9.043729e+00 -3.477665e+00 -3.328091e+00)	(9.038368e+00 8.447142e+00 3.332107e+00)
7.302944e-02	propellerTip	(-8.921185e+00 -3.484705e+00 -3.283650e+00)	(8.916277e+00 8.450815e+00 3.290052e+00)
7.317175e-02	propellerTip	(-8.780378e+00 -3.490948e+00 -3.299687e+00)	(8.775998e+00 8.453866e+00 3.311280e+00)
7.331399e-02	propellerTip	(-8.623432e+00 -3.496377e+00 -3.687223e+00)	(8.619585e+00 8.455768e+00 3.699079e+00)
7.345614e-02	propellerTip	(-8.450594e+00 -3.501568e+00 -4.067009e+00)	(8.447291e+00 8.455835e+00 4.079059e+00)
7.359823e-02	propellerTip	(-8.261649e+00 -3.508080e+00 -4.439517e+00)	(8.258867e+00 8.455671e+00 4.451782e+00)
7.374030e-02	propellerTip	(-8.056958e+00 -3.513495e+00 -4.803464e+00)	(8.054574e+00 8.455815e+00 4.816039e+00)
7.388238e-02	propellerTip	(-7.836866e+00 -3.516937e+00 -5.157954e+00)	(7.834711e+00 8.456737e+00 5.170884e+00)
7.402451e-02	propellerTip	(-7.601781e+00 -3.516238e+00 -5.502331e+00)	(7.599849e+00 8.458606e+00 5.515474e+00)
7.416668e-02	propellerTip	(-7.351979e+00 -3.514686e+00 -5.836095e+00)	(7.350486e+00 8.460970e+00 5.849400e+00)
7.430893e-02	propellerTip	(-7.087957e+00 -3.521149e+00 -6.158898e+00)	(7.086996e+00 8.463810e+00 6.172358e+00)
7.445125e-02	propellerTip	(-6.809894e+00 -3.517469e+00 -6.470218e+00)	(6.809431e+00 8.466764e+00 6.483883e+00)
7.459365e-02	propellerTip	(-6.517806e+00 -3.516256e+00 -6.769486e+00)	(6.517786e+00 8.469759e+00 6.783434e+00)
7.473610e-02	propellerTip	(-6.212016e+00 -3.516754e+00 -7.055515e+00)	(6.212331e+00 8.472560e+00 7.069715e+00)
7.487860e-02	propellerTip	(-5.893298e+00 -3.515567e+00 -7.327537e+00)	(5.893954e+00 8.475767e+00 7.341772e+00)
7.502113e-02	propellerTip	(-5.562059e+00 -3.522736e+00 -7.584625e+00)	(5.563064e+00 8.479832e+00 7.598670e+00)
7.516371e-02	propellerTip	(-5.219299e+00 -3.525424e+00 -7.826888e+00)	(5.220718e+00 8.484757e+00 7.840640e+00)
7.530634e-02	propellerTip	(-4.865367e+00 -3.521366e+00 -8.054038e+00)	(4.867463e+00 8.489520e+00 8.067789e+00)
7.544901e-02	propellerTip	(-4.500700e+00 -3.518055e+00 -8.264528e+00)	(4.503519e+00 8.493102e+00 8.278523e+00)
7.559174e-02	propellerTip	(-4.127000e+00 -3.510356e+00 -8.457856e+00)	(4.130446e+00 8.497865e+00 8.472027e+00)
7.573453e-02	propellerTip	(-3.745491e+00 -3.500676e+00 -8.636931e+00)	(3.749483e+00 8.505281e+00 8.650161e+00)
7.587739e-02	propellerTip	(-3.650789e+00 -3.492692e+00 -8.799545e+00)	(3.655186e+00 8.513696e+00 8.812378e+00)
7.602031e-02	propellerTip	(-3.679944e+00 -3.488424e+00 -8.944399e+00)	(3.684288e+00 8.521349e+00 8.956834e+00)
7.616326e-02	propellerTip	(-3.696403e+00 -3.487123e+00 -9.070171e+00)	(3.700675e+00 8.528071e+00 9.082370e+00)
7.630626e-02	propellerTip	(-3.702531e+00 -3.493187e+00 -9.176611e+00)	(3.707275e+00 8.534312e+00 9.188785e+00)
7.644930e-02	propellerTip	(-3.687933e+00 -3.492885e+00 -9.264132e+00)	(3.692034e+00 8.539778e+00 9.276252e+00)
7.659237e-02	propellerTip	(-3.666555e+00 -3.488933e+00 -9.332055e+00)	(3.669785e+00 8.547809e+00 9.344195e+00)
7.673545e-02	propellerTip	(-3.645101e+00 -3.485419e+00 -9.379617e+00)	(3.647738e+00 8.550088e+00 9.391840e+00)
7.687850e-02	propellerTip	(-3.626625e+00 -3.483237e+00 -9.409713e+00)	(3.628768e+00 8.555568e+00 9.422057e+00)
7.702152e-02	propellerTip	(-3.595697e+00 -3.483483e+00 -9.421533e+00)	(3.597417e+00 8.557176e+00 9.433632e+00)
7.716452e-02	propellerTip	(-3.577728e+00 -3.484609e+00 -9.415243e+00)	(3.579153e+00 8.558646e+00 9.426891e+00)
7.730751e-02	propellerTip	(-3.562937e+00 -3.486690e+00 -9.390162e+00)	(3.563923e+00 8.560839e+00 9.401231e+00)
7.745048e-02	propellerTip	(-3.543081e+00 -3.492861e+00 -9.345967e+00)	(3.543629e+00 8.558407e+00 9.356536e+00)
7.759342e-02	propellerTip	(-3.515354e+00 -3.489649e+00 -9.282527e+00)	(3.515887e+00 8.555082e+00 9.292749e+00)
7.773633e-02	propellerTip	(-3.452991e+00 -3.487118e+00 -9.199929e+00)	(3.453819e+00 8.554613e+00 9.209741e+00)
7.787919e-02	propellerTip	(-3.355287e+00 -3.485943e+00 -9.098152e+00)	(3.356527e+00 8.554020e+00 9.107672e+00)
7.802200e-02	propellerTip	(-3.256315e+00 -3.486582e+00 -8.976481e+00)	(3.257704e+00 8.556516e+00 8.985530e+00)
7.816473e-02	propellerTip	(-3.290218e+00 -3.486400e+00 -8.836543e+00)	(3.301367e+00 8.558427e+00 8.845032e+00)
7.830739e-02	propellerTip	(-3.682723e+00 -3.485317e+00 -8.680499e+00)	(3.694250e+00 8.558532e+00 8.688378e+00)
7.844996e-02	propellerTip	(-4.067459e+00 -3.485903e+00 -8.508428e+00)	(4.079183e+00 8.557882e+00 8.515904e+00)
7.859245e-02	propellerTip	(-4.444688e+00 -3.488439e+00 -8.320171e+00)	(4.456741e+00 8.557007e+00 8.327126e+00)
7.873486e-02	propellerTip	(-4.813259e+00 -3.491276e+00 -8.115885e+00)	(4.825754e+00 8.556446e+00 8.122427e+00)
7.887722e-02	propellerTip	(-5.172238e+00 -3.493815e+00 -7.895904e+00)	(5.185201e+00 8.557027e+00 7.902208e+00)
7.901954e-02	propellerTip	(-5.520971e+00 -3.493599e+00 -7.660857e+00)	(5.534272e+00 8.558116e+00 7.666912e+00)
7.916184e-02	propellerTip	(-5.859066e+00 -3.496349e+00 -7.411340e+00)	(5.872655e+00 8.559756e+00 7.416925e+00)
7.930413e-02	propellerTip	(-6.186146e+00 -3.502552e+00 -7.147748e+00)	(6.200015e+00 8.561774e+00 7.152806e+00)
7.944645e-02	propellerTip	(-6.501691e+00 -3.507689e+00 -6.870025e+00)	(6.515907e+00 8.564287e+00 6.874617e+00)
7.958877e-02	propellerTip	(-6.805080e+00 -3.512644e+00 -6.578289e+00)	(6.819785e+00 8.567035e+00 6.582408e+00)
7.973110e-02	propellerTip	(-7.095216e+00 -3.515842e+00 -6.272917e+00)	(7.110356e+00 8.569854e+00 6.276600e+00)
7.987342e-02	propellerTip	(-7.371278e+00 -3.517676e+00 -5.954571e+00)	(7.386615e+00 8.573237e+00 5.957863e+00)
8.001573e-02	propellerTip	(-7.632403e+00 -3.527404e+00 -5.623544e+00)	(7.647687e+00 8.576651e+00 5.626416e+00)
8.015804e-02	propellerTip	(-7.878585e+00 -3.533805e+00 -5.281093e+00)	(7.893782e+00 8.580736e+00 5.283433e+00)
8.030037e-02	propellerTip	(-8.109746e+00 -3.533260e+00 -4.927563e+00)	(8.124981e+00 8.585696e+00 4.929222e+00)
8.044271e-02	propellerTip	(-8.324235e+00 -3.533173e+00 -4.563414e+00)	(8.339769e+00 8.589961e+00 4.564241e+00)
8.058509e-02	propellerTip	(-8.522150e+00 -3.527442e+00 -4.190076e+00)	(8.537310e+00 8.595684e+00 4.190184e+00)
8.072751e-02	propellerTip	(-8.705678e+00 -3.524686e+00 -3.808820e+00)	(8.720636e+00 8.603748e+00 3.808301e+00)
8.086999e-02	propellerTip	(-8.872254e+00 -3.525947e+00 -3.555725e+00)	(8.886878e+00 8.612558e+00 3.549948e+00)
8.101251e-02	propellerTip	(-9.021051e+00 -3.525769e+00 -3.571230e+00)	(9.035341e+00 8.620826e+00 3.554833e+00)
8.115509e-02	propellerTip	(-9.150651e+00 -3.524801e+00 -3.589506e+00)	(9.164849e+00 8.628141e+00 3.572333e+00)
8.129772e-02	propellerTip	(-9.260846e+00 -3.524312e+00 -3.587234e+00)	(9.275108e+00 8.635377e+00 3.568130e+00)
8.144041e-02	propellerTip	(-9.352041e+00 -3.520425e+00 -3.571367e+00)	(9.366347e+00 8.642528e+00 3.551583e+00)
8.158315e-02	propellerTip	(-9.423558e+00 -3.515491e+00 -3.550413e+00)	(9.437978e+00 8.652551e+00 3.530176e+00)
8.172593e-02	propellerTip	(-9.474605e+00 -3.510259e+00 -3.528870e+00)	(9.489113e+00 8.656561e+00 3.507928e+00)
8.186871e-02	propellerTip	(-9.507442e+00 -3.505521e+00 -3.516237e+00)	(9.522230e+00 8.662387e+00 3.495140e+00)
8.201148e-02	propellerTip	(-9.522023e+00 -3.501684e+00 -3.492799e+00)	(9.536732e+00 8.666358e+00 3.472299e+00)
8.215424e-02	propellerTip	(-9.518431e+00 -3.498887e+00 -3.483289e+00)	(9.532744e+00 8.669044e+00 3.464431e+00)
8.229701e-02	propellerTip	(-9.495910e+00 -3.497224e+00 -3.488261e+00)	(9.509693e+00 8.672162e+00 3.470533e+00)
8.243978e-02	propellerTip	(-9.454133e+00 -3.495975e+00 -3.492839e+00)	(9.467467e+00 8.671212e+00 3.477543e+00)
8.258251e-02	propellerTip	(-9.392724e+00 -3.493690e+00 -3.489154e+00)	(9.405810e+00 8.668733e+00 3.476274e+00)
8.272521e-02	propellerTip	(-9.311982e+00 -3.490987e+00 -3.468923e+00)	(9.324721e+00 8.669470e+00 3.459875e+00)
8.286785e-02	propellerTip	(-9.211914e+00 -3.490258e+00 -3.407876e+00)	(9.224372e+00 8.669820e+00 3.401683e+00)
8.301044e-02	propellerTip	(-9.091533e+00 -3.490650e+00 -3.342096e+00)	(9.103500e+00 8.673078e+00 3.338817e+00)
8.315293e-02	propellerTip	(-8.952507e+00 -3.491107e+00 -3.279836e+00)	(8.963914e+00 8.675533e+00 3.269693e+00)
8.329534e-02	propellerTip	(-8.797086e+00 -3.491377e+00 -3.676138e+00)	(8.807931e+00 8.676531e+00 3.665486e+00)
8.343767e-02	propellerTip	(-8.625435e+00 -3.491923e+00 -4.064621e+00)	(8.635808e+00 8.676815e+00 4.053575e+00)
8.357992e-02	propellerTip	(-8.437397e+00 -3.494364e+00 -4.445357e+00)	(8.447294e+00 8.677080e+00 4.433898e+00)
8.372213e-02	propellerTip	(-8.233158e+00 -3.498058e+00 -4.817704e+00)	(8.242551e+00 8.677169e+00 4.805651e+00)
8.386434e-02	propellerTip	(-8.012833e+00 -3.500869e+00 -5.180758e+00)	(8.021875e+00 8.677734e+00 5.168025e+00)
8.400654e-02	propellerTip	(-7.776908e+00 -3.499791e+00 -5.533516e+00)	(7.785681e+00 8.678923e+00 5.520253e+00)
8.414874e-02	propellerTip	(-7.526111e+00 -3.500155e+00 -5.875549e+00)	(7.534409e+00 8.680892e+00 5.861796e+00)
8.429094e-02	propellerTip	(-7.261096e+00 -3.508682e+00 -6.206483e+00)	(7.268756e+00 8.683063e+00 6.192218e+00)
8.443318e-02	propellerTip	(-6.981867e+00 -3.507376e+00 -6.525804e+00)	(6.988954e+00 8.685575e+00 6.511040e+00)
8.457546e-02	propellerTip	(-6.688498e+00 -3.502732e+00 -6.833242e+00)	(6.695020e+00 8.688223e+00 6.817804e+00)
8.471777e-02	propellerTip	(-6.380973e+00 -3.504447e+00 -7.127431e+00)	(6.387153e+00 8.691084e+00 7.111291e+00)
8.486011e-02	propellerTip	(-6.060113e+00 -3.504514e+00 -7.407020e+00)	(6.065951e+00 8.694176e+00 7.390407e+00)
8.500249e-02	propellerTip	(-5.726169e+00 -3.503910e+00 -7.671308e+00)	(5.731544e+00 8.696192e+00 7.654500e+00)
8.514491e-02	propellerTip	(-5.380532e+00 -3.506495e+00 -7.920376e+00)	(5.385243e+00 8.698257e+00 7.903488e+00)
8.528736e-02	propellerTip	(-5.023879e+00 -3.503864e+00 -8.154508e+00)	(5.027702e+00 8.701898e+00 8.137312e+00)
8.542986e-02	propellerTip	(-4.656560e+00 -3.502352e+00 -8.372094e+00)	(4.659546e+00 8.706017e+00 8.354487e+00)
8.557242e-02	propellerTip	(-4.280130e+00 -3.498277e+00 -8.573201e+00)	(4.282265e+00 8.711414e+00 8.555952e+00)
8.571503e-02	propellerTip	(-3.895653e+00 -3.500813e+00 -8.759593e+00)	(3.897098e+00 8.719207e+00 8.742276e+00)
8.585772e-02	propellerTip	(-3.681108e+00 -3.501188e+00 -8.928563e+00)	(3.678812e+00 8.727298e+00 8.911433e+00)
8.600046e-02	propellerTip	(-3.711982e+00 -3.500976e+00 -9.079735e+00)	(3.709137e+00 8.734784e+00 9.062826e+00)
8.614325e-02	propellerTip	(-3.731719e+00 -3.501376e+00 -9.212050e+00)	(3.728577e+00 8.741618e+00 9.195161e+00)
8.628609e-02	propellerTip	(-3.746254e+00 -3.503633e+00 -9.324944e+00)	(3.742801e+00 8.748599e+00 9.307904e+00)
8.642897e-02	propellerTip	(-3.735009e+00 -3.503697e+00 -9.418522e+00)	(3.732028e+00 8.755112e+00 9.401347e+00)
8.657189e-02	propellerTip	(-3.715209e+00 -3.503573e+00 -9.492341e+00)	(3.712929e+00 8.764762e+00 9.475022e+00)
8.671482e-02	propellerTip	(-3.694693e+00 -3.503902e+00 -9.545556e+00)	(3.692914e+00 8.769199e+00 9.528149e+00)
8.685773e-02	propellerTip	(-3.679806e+00 -3.505111e+00 -9.579884e+00)	(3.678635e+00 8.772701e+00 9.562239e+00)
8.700061e-02	propellerTip	(-3.649665e+00 -3.507097e+00 -9.595826e+00)	(3.649330e+00 8.776469e+00 9.578080e+00)
8.714347e-02	propellerTip	(-3.625425e+00 -3.509532e+00 -9.593369e+00)	(3.625938e+00 8.778659e+00 9.575824e+00)
8.728632e-02	propellerTip	(-3.609776e+00 -3.512227e+00 -9.571952e+00)	(3.611335e+00 8.780883e+00 9.554792e+00)
8.742915e-02	propellerTip	(-3.589059e+00 -3.514372e+00 -9.531530e+00)	(3.591833e+00 8.779293e+00 9.514707e+00)
8.757196e-02	propellerTip	(-3.558229e+00 -3.514602e+00 -9.471363e+00)	(3.562106e+00 8.774914e+00 9.454749e+00)
8.771473e-02	propellerTip	(-3.501568e+00 -3.513092e+00 -9.391829e+00)	(3.505083e+00 8.774774e+00 9.375588e+00)
8.785747e-02	propellerTip	(-3.403672e+00 -3.512480e+00 -9.292709e+00)	(3.406614e+00 8.774194e+00 9.276748e+00)
8.800016e-02	propellerTip	(-3.301609e+00 -3.512347e+00 -9.172993e+00)	(3.304138e+00 8.776425e+00 9.157475e+00)
8.814275e-02	propellerTip	(-3.261786e+00 -3.511622e+00 -9.034512e+00)	(3.250831e+00 8.778045e+00 9.019610e+00)
8.828527e-02	propellerTip	(-3.662102e+00 -3.510310e+00 -8.879686e+00)	(3.650605e+00 8.777958e+00 8.865374e+00)
8.842772e-02	propellerTip	(-4.054771e+00 -3.508822e+00 -8.708571e+00)	(4.042749e+00 8.776803e+00 8.694778e+00)
8.857009e-02	propellerTip	(-4.439829e+00 -3.509690e+00 -8.520887e+00)	(4.427272e+00 8.776339e+00 8.507710e+00)
8.871241e-02	propellerTip	(-4.816308e+00 -3.511832e+00 -8.317029e+00)	(4.803017e+00 8.776014e+00 8.304404e+00)
8.885469e-02	propellerTip	(-5.183438e+00 -3.513534e+00 -8.097135e+00)	(5.169312e+00 8.776144e+00 8.084982e+00)
8.899694e-02	propellerTip	(-5.540316e+00 -3.511302e+00 -7.861595e+00)	(5.525517e+00 8.776756e+00 7.849844e+00)
8.913916e-02	propellerTip	(-5.886584e+00 -3.511721e+00 -7.610842e+00)	(5.871072e+00 8.777878e+00 7.599747e+00)
8.928135e-02	propellerTip	(-6.221782e+00 -3.519725e+00 -7.345737e+00)	(6.205587e+00 8.779739e+00 7.335280e+00)
8.942353e-02	propellerTip	(-6.545357e+00 -3.518127e+00 -7.066405e+00)	(6.528487e+00 8.781690e+00 7.056407e+00)
8.956572e-02	propellerTip	(-6.856953e+00 -3.514643e+00 -6.772549e+00)	(6.839384e+00 8.783802e+00 6.763090e+00)
8.970790e-02	propellerTip	(-7.155258e+00 -3.518617e+00 -6.464667e+00)	(7.136950e+00 8.786291e+00 6.455753e+00)
8.985007e-02	propellerTip	(-7.438972e+00 -3.521444e+00 -6.143451e+00)	(7.420147e+00 8.789063e+00 6.135083e+00)
8.999224e-02	propellerTip	(-7.707436e+00 -3.522750e+00 -5.808985e+00)	(7.688348e+00 8.790460e+00 5.801209e+00)
9.013441e-02	propellerTip	(-7.960581e+00 -3.521828e+00 -5.462459e+00)	(7.941351e+00 8.792177e+00 5.455438e+00)
9.027659e-02	propellerTip	(-8.198793e+00 -3.521792e+00 -5.104848e+00)	(8.179191e+00 8.794878e+00 5.098807e+00)
9.041880e-02	propellerTip	(-8.420377e+00 -3.519731e+00 -4.736613e+00)	(8.400284e+00 8.799380e+00 4.731494e+00)
9.056104e-02	propellerTip	(-8.626079e+00 -3.521927e+00 -4.359239e+00)	(8.606391e+00 8.805393e+00 4.355024e+00)
9.070334e-02	propellerTip	(-8.816613e+00 -3.526329e+00 -3.973592e+00)	(8.796728e+00 8.813611e+00 3.970216e+00)
9.084569e-02	propellerTip	(-8.989602e+00 -3.527055e+00 -3.595741e+00)	(8.969899e+00 8.822444e+00 3.590111e+00)
9.098810e-02	propellerTip	(-9.144746e+00 -3.526602e+00 -3.610150e+00)	(9.125299e+00 8.830535e+00 3.608438e+00)
9.113056e-02	propellerTip	(-9.281036e+00 -3.525868e+00 -3.641968e+00)	(9.261624e+00 8.838320e+00 3.639435e+00)
9.127308e-02	propellerTip	(-9.397813e+00 -3.526611e+00 -3.657975e+00)	(9.378173e+00 8.846082e+00 3.653958e+00)
9.141566e-02	propellerTip	(-9.495077e+00 -3.524094e+00 -3.655982e+00)	(9.475205e+00 8.853003e+00 3.650362e+00)
9.155830e-02	propellerTip	(-9.572686e+00 -3.520711e+00 -3.647557e+00)	(9.552556e+00 8.863304e+00 3.640366e+00)
9.170099e-02	propellerTip	(-9.629710e+00 -3.517300e+00 -3.636265e+00)	(9.609385e+00 8.869593e+00 3.627707e+00)
9.184369e-02	propellerTip	(-9.666973e+00 -3.513906e+00 -3.632220e+00)	(9.646627e+00 8.872492e+00 3.622580e+00)
9.198639e-02	propellerTip	(-9.685798e+00 -3.510852e+00 -3.616609e+00)	(9.665427e+00 8.877800e+00 3.606012e+00)
9.212911e-02	propellerTip	(-9.686086e+00 -3.508105e+00 -3.602244e+00)	(9.665876e+00 8.880377e+00 3.590680e+00)
9.227185e-02	propellerTip	(-9.667375e+00 -3.505544e+00 -3.601718e+00)	(9.647509e+00 8.883769e+00 3.589951e+00)
9.241461e-02	propellerTip	(-9.629546e+00 -3.502873e+00 -3.598579e+00)	(9.610007e+00 8.883180e+00 3.586596e+00)
9.255736e-02	propellerTip	(-9.571607e+00 -3.498628e+00 -3.585329e+00)	(9.552282e+00 8.878842e+00 3.573509e+00)
9.270009e-02	propellerTip	(-9.493998e+00 -3.493442e+00 -3.551219e+00)	(9.474998e+00 8.879316e+00 3.542119e+00)
9.284279e-02	propellerTip	(-9.396640e+00 -3.489453e+00 -3.473986e+00)	(9.377925e+00 8.879225e+00 3.468287e+00)
9.298545e-02	propellerTip	(-9.278151e+00 -3.486917e+00 -3.389139e+00)	(9.259958e+00 8.881788e+00 3.386260e+00)
9.312802e-02	propellerTip	(-9.140523e+00 -3.484716e+00 -3.299734e+00)	(9.122966e+00 8.883779e+00 3.299855e+00)
9.327050e-02	propellerTip	(-8.986313e+00 -3.482335e+00 -3.623557e+00)	(8.969402e+00 8.884345e+00 3.634331e+00)
9.341291e-02	propellerTip	(-8.815680e+00 -3.480247e+00 -4.019407e+00)	(8.799372e+00 8.883607e+00 4.030721e+00)
9.355522e-02	propellerTip	(-8.628294e+00 -3.479738e+00 -4.407727e+00)	(8.612703e+00 8.883178e+00 4.419624e+00)
9.369748e-02	propellerTip	(-8.424502e+00 -3.481466e+00 -4.787182e+00)	(8.409581e+00 8.883206e+00 4.799695e+00)
9.383971e-02	propellerTip	(-8.204635e+00 -3.483630e+00 -5.157006e+00)	(8.190220e+00 8.883447e+00 5.170411e+00)
9.398193e-02	propellerTip	(-7.968777e+00 -3.482103e+00 -5.516695e+00)	(7.954733e+00 8.883977e+00 5.530908e+00)
9.412411e-02	propellerTip	(-7.717290e+00 -3.482882e+00 -5.865706e+00)	(7.703820e+00 8.884724e+00 5.880746e+00)
9.426628e-02	propellerTip	(-7.451059e+00 -3.491592e+00 -6.203511e+00)	(7.438371e+00 8.885644e+00 6.219335e+00)
9.440846e-02	propellerTip	(-7.170311e+00 -3.493851e+00 -6.529738e+00)	(7.158283e+00 8.886969e+00 6.546237e+00)
9.455066e-02	propellerTip	(-6.874942e+00 -3.490598e+00 -6.844100e+00)	(6.863542e+00 8.888487e+00 6.861234e+00)
9.469289e-02	propellerTip	(-6.565383e+00 -3.493935e+00 -7.145097e+00)	(6.554614e+00 8.890393e+00 7.162919e+00)
9.483513e-02	propellerTip	(-6.242231e+00 -3.494727e+00 -7.431651e+00)	(6.232081e+00 8.892530e+00 7.449993e+00)
9.497740e-02	propellerTip	(-5.905510e+00 -3.496662e+00 -7.703096e+00)	(5.896012e+00 8.892456e+00 7.721733e+00)
9.511970e-02	propellerTip	(-5.556555e+00 -3.495666e+00 -7.959132e+00)	(5.547826e+00 8.893136e+00 7.977832e+00)
